800
83,409,7
103,626,8
757,770,1
220,786,5
157,522,7
562,715,3
73,530,5
115,564,7
106,213,5
10,420,3
422,638,8
461,758,9
260,800,4
678,693,2
185,639,5
508,642,5
432,652,7
491,617,6
200,673,10
40,386,7
532,700,1
384,627,5
240,685,1
11,365,3
362,426,1
185,302,9
115,486,1
218,219,1
115,462,3
180,684,8
387,729,2
23,549,5
22,73,6
309,513,4
278,702,3
113,354,8
94,153,6
312,418,1
65,535,8
288,376,6
388,669,2
236,306,6
598,735,4
311,363,3
348,358,3
81,591,9
116,759,2
1,290,7
82,749,10
266,786,10
266,740,3
389,752,9
261,268,10
578,738,8
79,753,9
602,792,8
85,556,7
480,773,6
516,599,4
283,441,3
580,617,7
588,647,7
215,665,9
165,395,7
500,616,7
294,472,7
117,171,5
262,603,4
255,501,2
182,565,1
523,714,1
71,388,4
363,793,1
190,335,5
331,665,5
19,94,10
538,631,8
42,275,9
266,655,6
130,613,6
106,432,7
134,613,3
339,507,8
158,413,7
122,447,6
482,666,6
265,477,6
305,413,8
391,591,8
44,707,7
90,737,7
85,763,9
630,687,6
133,196,1
506,611,7
307,377,3
403,570,4
21,657,2
282,527,4
509,641,4
426,740,6
69,499,9
418,606,1
388,508,10
6,273,3
578,657,7
305,616,10
59,290,1
432,742,2
356,445,3
351,485,10
237,709,3
130,530,3
620,703,10
240,736,9
498,555,10
339,729,9
241,470,4
107,647,2
170,637,9
172,191,7
119,544,3
470,774,1
285,524,5
303,655,3
47,468,3
6,707,10
372,395,1
98,262,7
189,791,5
43,469,1
257,436,3
489,660,7
370,747,2
53,497,4
28,753,5
714,774,7
8,358,7
564,645,5
3,754,2
227,528,2
340,416,1
18,284,8
368,405,6
198,373,4
66,276,10
182,593,6
404,423,1
644,779,7
251,730,4
62,109,7
3,525,6
560,749,1
20,765,5
265,533,3
21,758,9
103,344,4
491,621,3
247,296,1
328,425,3
58,364,5
331,462,8
294,560,9
234,242,3
110,570,4
9,262,5
471,768,10
218,731,8
603,762,2
147,674,1
31,43,6
465,580,6
726,747,2
678,750,1
263,479,9
188,235,6
543,729,3
126,223,6
133,243,6
464,497,3
516,670,3
438,635,4
601,794,2
174,799,4
178,490,6
300,470,5
117,773,5
181,690,8
350,461,5
95,637,9
208,661,1
224,339,1
135,421,8
555,689,7
519,790,7
554,586,2
31,92,10
92,766,5
342,482,4
136,447,10
37,575,3
250,253,7
650,708,6
161,384,5
408,430,4
522,712,9
319,571,4
440,617,6
570,791,3
359,399,7
40,283,10
141,555,3
1,572,4
550,689,2
18,294,3
660,711,9
540,644,5
507,693,5
425,705,1
113,784,9
238,637,6
1,349,7
245,750,10
327,700,9
414,615,2
39,332,9
30,570,5
69,323,4
242,545,2
383,560,10
401,719,9
136,137,6
548,764,6
407,445,6
215,310,8
346,698,4
187,550,4
307,734,1
160,215,4
686,772,9
88,652,5
546,730,3
136,165,5
10,747,5
736,777,6
202,325,5
156,669,7
483,651,2
29,369,5
513,736,1
4,503,3
165,462,6
425,542,8
366,703,5
380,587,6
166,677,9
229,657,6
293,406,1
93,311,10
283,470,7
190,617,8
53,351,3
116,726,3
147,419,9
297,556,7
420,588,1
319,708,6
186,660,5
77,107,7
516,771,1
46,340,4
143,677,4
196,406,5
629,678,8
31,210,5
285,795,4
254,700,10
394,704,10
149,553,3
88,677,7
229,333,6
259,323,1
641,736,5
300,358,7
167,517,2
690,723,9
522,782,7
714,747,1
189,422,6
362,594,7
133,641,1
235,291,8
632,724,4
293,423,10
517,788,3
101,509,6
446,700,2
35,256,10
433,451,5
235,775,6
494,569,10
319,517,5
700,717,5
205,240,10
660,762,2
139,779,8
216,255,3
215,339,6
71,601,3
665,715,4
421,567,7
436,699,1
266,553,7
443,470,4
116,307,1
253,284,6
70,632,3
152,298,9
458,564,10
241,348,10
383,684,4
344,680,2
250,393,1
421,520,10
347,417,1
314,526,3
16,236,10
60,246,8
97,352,3
105,714,1
147,254,2
297,357,7
180,474,7
406,524,8
500,747,5
250,522,1
45,593,8
105,544,3
130,214,3
143,328,2
227,521,1
61,87,3
574,698,8
745,783,10
342,729,1
171,633,9
272,653,8
100,277,5
365,715,8
287,608,2
2,202,9
611,747,2
272,301,8
454,775,10
280,724,10
349,704,1
88,784,7
621,798,2
3,631,3
231,447,2
36,439,6
422,773,6
299,344,9
102,543,7
249,784,4
341,361,9
447,585,3
215,412,8
717,734,2
92,510,4
259,405,10
432,547,2
74,568,4
108,308,7
365,385,10
526,595,10
49,530,1
75,540,4
302,726,6
99,580,7
365,569,9
153,749,9
193,515,4
198,229,1
117,499,1
135,384,3
499,559,1
35,348,4
204,565,6
481,773,9
134,420,9
137,471,5
280,479,5
27,647,7
20,700,8
87,556,9
51,188,1
562,625,10
147,158,8
415,790,6
474,615,8
613,641,5
223,627,7
82,688,5
127,307,8
209,414,3
535,621,10
659,660,3
51,545,9
1,249,1
200,718,8
357,774,6
623,671,8
9,228,7
322,639,10
145,705,10
58,498,7
57,200,6
482,659,8
503,710,2
233,571,2
39,675,3
4,119,10
480,487,7
97,776,3
429,660,5
313,618,8
40,106,2
244,542,8
103,146,3
258,541,6
219,341,5
110,653,5
59,519,1
300,675,7
453,714,1
175,788,3
418,543,1
67,404,10
367,663,2
328,680,5
362,728,7
361,584,5
208,305,5
474,679,8
324,714,3
10,98,6
655,711,10
284,310,8
50,227,7
324,744,2
230,387,9
104,437,5
149,763,1
278,625,10
92,143,10
229,404,5
2,762,1
120,612,7
590,725,7
36,241,6
287,334,8
474,741,2
16,577,6
453,630,4
375,709,3
288,730,8
131,636,7
162,631,2
437,741,4
260,791,7
534,644,10
432,433,8
401,452,8
194,286,8
62,355,5
319,364,6
150,334,1
113,421,1
142,746,3
262,520,6
152,161,3
204,431,3
140,249,8
578,737,3
179,218,2
361,543,10
129,225,6
215,784,6
4,272,1
92,488,9
23,598,10
420,766,2
144,567,5
113,398,7
67,601,7
624,677,5
362,741,1
29,264,4
172,326,9
198,746,10
484,582,9
734,793,6
69,182,1
270,763,1
131,581,10
300,343,7
154,213,2
275,416,3
139,672,3
625,676,9
292,793,7
361,622,2
167,780,8
83,286,8
96,139,6
453,647,5
243,331,2
234,405,2
581,633,7
351,424,5
537,757,10
301,548,6
506,731,8
196,734,6
567,664,4
6,559,1
56,507,6
47,147,3
258,727,5
149,709,8
355,446,2
136,185,3
608,793,8
6,389,6
41,497,8
177,596,6
243,569,8
635,786,10
267,422,8
148,641,10
255,394,9
246,547,5
26,164,9
14,502,2
275,448,6
490,772,6
169,765,5
210,523,4
598,663,6
39,714,2
261,703,5
376,480,7
352,475,4
227,399,2
165,548,4
311,596,8
83,347,3
48,610,5
274,378,1
463,515,10
194,693,6
72,411,8
54,642,4
318,785,7
572,796,2
113,231,4
144,493,10
10,565,7
348,753,8
497,672,5
155,455,10
697,790,10
66,630,6
52,417,6
501,681,6
428,746,3
241,549,8
307,603,10
668,688,9
303,638,7
345,486,2
131,427,9
198,706,10
322,412,5
168,764,9
159,477,1
527,673,4
462,475,2
20,546,10
135,753,9
371,595,8
58,222,2
590,704,1
7,62,3
312,644,4
524,539,6
580,668,7
388,568,2
530,746,5
586,765,1
160,753,2
46,243,9
208,385,10
548,674,5
199,701,9
91,639,1
4,216,7
303,796,2
292,417,6
474,486,1
142,570,7
138,383,7
201,724,3
105,739,9
223,247,6
391,588,6
335,677,1
482,582,1
92,161,8
114,689,2
350,733,7
280,317,1
165,657,4
378,767,7
180,469,1
390,766,3
37,597,9
272,661,3
422,503,1
127,476,3
169,749,7
273,625,10
397,739,3
345,727,6
122,208,3
175,601,7
75,509,8
157,383,10
133,292,4
275,374,2
203,733,3
210,667,7
54,316,10
372,605,9
7,459,7
190,769,10
348,709,7
459,776,6
723,733,1
74,663,1
184,654,7
454,678,4
232,744,3
502,609,9
185,683,3
583,653,5
209,241,8
693,730,7
110,138,10
616,719,3
133,712,9
88,794,4
167,341,2
263,416,10
189,780,5
643,719,4
335,604,4
170,794,1
304,364,4
309,788,2
244,322,7
432,594,8
346,751,5
40,587,2
536,598,4
613,687,6
53,507,1
315,583,4
85,106,4
716,756,7
683,749,7
364,651,7
119,289,9
521,597,1
293,719,3
96,214,7
333,632,2
279,688,2
179,517,9
421,663,6
571,595,3
91,394,4
37,697,6
247,745,3
144,774,1
4,787,5
86,596,7
362,377,6
499,583,9
697,783,3
176,588,4
98,653,10
315,378,8
280,552,6
93,281,9
156,189,5
186,649,4
137,409,10
67,349,10
318,379,9
23,698,8
185,597,1
67,529,6
177,724,8
214,229,5
169,587,9
264,408,4
371,759,2
598,657,1
168,648,7
142,430,8
394,606,6
176,700,9
351,386,8
207,473,6
96,530,9
224,650,8
140,742,4
236,743,2
153,160,9
432,501,8
548,703,10
305,380,3
131,631,1
358,365,9
516,517,1
229,750,10
295,550,2
201,754,8
219,699,3
550,664,7
304,766,3
159,742,9
192,719,6
281,478,9
741,779,9
70,557,8
41,677,4
222,628,2
154,621,5
659,692,10
336,366,1
193,292,7
551,702,6
335,408,1
138,649,9
221,411,1
324,642,2
263,794,1
150,365,9
313,698,6
781,784,6
753,800,9
399,732,4
171,301,10
115,680,10
191,578,4
41,199,1
265,346,4
772,782,4
171,407,9
1,40,6
13,179,4
98,782,9
394,472,10
165,270,9
550,579,4
185,418,9
141,396,3
198,677,4
355,791,1
393,755,10
190,296,3
291,441,2
84,110,1
50,409,9
554,714,1
532,743,10
14,480,9
306,724,6
85,655,10
432,781,10
249,751,3
24,274,3
86,410,1
75,235,1
495,583,5
375,518,10
623,762,8
577,587,4
438,650,9
412,416,9
148,597,8
130,465,3
377,757,9
114,245,8
250,292,5
23,139,3
40,250,4
319,433,10
16,43,8
316,653,5
3,449,4
24,110,7
64,600,8
126,279,7
362,655,8
346,662,5
244,800,2
471,552,2
2,134,7
319,509,10
198,748,10
516,741,5
239,393,7
58,104,8
4,620,5
449,672,3
280,549,10
152,188,10
195,708,5
211,426,2
8,209,3
104,780,2
21,626,5
452,554,9
36,548,8
64,70,6
281,716,10
481,643,6
133,572,5
516,632,4
69,185,9
91,635,1
167,207,10
447,541,7
437,772,7
315,457,8
330,616,6
370,505,7
622,751,1
116,570,8
310,375,5
89,242,6
165,795,9
493,536,8
724,726,2
6,784,6
690,786,6
341,478,2
197,300,3
160,764,4
223,261,1
467,738,7
419,529,2
615,654,8
545,652,5
130,626,2
642,719,5
210,770,7
54,648,4
274,439,3
504,621,8
119,219,6
301,724,3
221,491,5
107,302,4
161,509,4
303,567,8
176,452,3
215,326,6
138,684,10
369,605,7
4,674,10
247,542,5
505,596,7
522,542,5
138,373,2
277,284,2
489,593,6
318,458,9
132,146,9
132,418,4
299,497,2
235,470,7
46,598,5
232,587,3
51,479,9
162,540,2
408,669,9
243,752,10
417,797,5
234,372,1
235,573,9
36,398,4
236,527,4
672,695,4
443,538,6
220,659,3
39,573,3
73,421,5
333,428,6
567,800,4
588,774,3
33,137,7
37,646,6
327,777,6
115,677,3
305,798,1
374,689,9
223,539,6
300,486,10
458,577,10
290,380,2
332,549,3
120,182,8
524,714,5
280,546,4
79,247,8
562,637,10
100,218,10
32,599,5
504,575,10
410,675,5
474,754,3
154,514,7
182,330,8
96,401,2
197,229,2
456,502,8
123,726,1
548,553,4
343,524,2
381,520,1
191,648,8
439,467,3
402,711,9
635,747,5
287,407,7
540,556,1
211,251,4
199,466,3
240,614,5
182,450,1
72,220,9
334,479,1
343,740,6
260,328,3
738,787,3
518,568,3
563,654,10
488,649,4
180,776,3
251,737,10
473,668,8
133,277,8
20,682,1
753,779,8
89,186,4
60,271,10
633,746,3
482,578,1
166,694,4
355,571,8
350,411,6
588,775,5
476,599,9
522,784,1
224,690,6
400,702,2
256,547,8
184,394,1
137,695,8
525,697,8
543,698,7
439,740,6
406,744,3
435,493,8
487,776,9
14,692,4
3,280,4
408,499,5
161,617,8
222,504,7
383,800,5
54,147,4
260,465,4
150,755,10
456,692,7
176,218,9
526,559,3
100,249,9
204,465,6
275,733,8
112,688,5
439,527,7
210,310,10
383,419,2
244,707,7
19,46,10
40,419,9
461,799,1
218,266,4
390,643,9
257,767,10
130,587,8
324,476,3
400,759,3
216,586,9
107,212,10
389,767,7
164,306,9
74,591,7
82,99,7
184,386,10
288,395,6
132,408,4
127,205,10
101,122,7
25,102,7
223,455,8
238,530,5
597,761,10
275,376,5
117,683,1
192,303,6
64,543,2
251,333,3
596,799,7
136,759,2
586,600,1
378,682,2
402,436,7
668,733,4
214,587,3
79,441,8
31,605,5
360,433,1
36,244,10
187,518,7
306,491,7
113,470,9
53,62,2
127,377,1
157,300,9
22,500,2
116,383,1
129,473,6
442,637,1
619,726,7
105,723,6
57,189,1
41,127,10
80,659,8
494,505,2
311,767,4
227,546,2
492,581,8
308,319,10
55,337,2
118,438,10
539,670,8
77,431,10
171,625,2
659,744,7
318,451,6
82,439,5
364,516,7
67,277,8
595,703,7
306,343,9
349,788,10
98,679,6
102,142,1
334,473,4
7,166,2
85,294,6
373,419,7
348,553,8
341,545,9
288,556,5
33,706,5
298,589,2
82,642,10
95,465,4
544,661,2
294,788,5
61,382,3
53,469,7
71,114,9
96,508,10
354,594,9
172,411,5
399,415,10
167,311,3
251,755,5
145,273,1
209,406,1
628,647,10
140,487,9
44,201,2
70,301,2
364,481,1
228,674,10
300,504,3
6,297,10
258,787,1
396,592,5
554,641,7
438,574,7
163,272,5
342,459,8
88,597,4
74,608,4
260,392,2
284,768,5
375,744,8
52,438,7
51,339,10
307,671,3
264,572,2
71,270,10
31,717,3
606,673,5
185,414,6
363,764,1
148,241,1
339,523,5
95,323,7
261,522,8
496,525,5
587,720,3
141,567,8
238,468,1
45,352,10
278,647,9
164,382,10
329,360,4
362,590,6
507,615,4
209,517,9
85,114,2
438,544,5
596,627,6
109,584,6
75,651,10
65,415,3
163,623,1
158,595,8
176,502,2
364,629,3
598,644,2
591,760,6
609,715,3
528,617,1
65,134,7
42,486,2
54,323,1
257,428,4
268,494,2
252,335,10
561,616,10
99,677,7
139,464,2
136,370,2
394,462,4
207,616,2
228,587,9
60,503,4
396,466,6
158,298,7
541,688,3
327,359,7
34,656,8
146,148,5
315,572,2
453,520,4
41,421,9
431,615,7
400,426,7
298,597,4
150,782,10
552,687,7
16,168,2
9,717,3
397,460,8
53,544,4
221,667,9
221,355,3
449,561,5
298,662,4
34,72,4
752,783,4
149,460,7
242,724,10
117,392,3
124,764,4
97,387,7
447,452,1
172,575,1
596,749,8
530,632,7
220,296,7
275,663,9
328,544,2
446,529,5
118,549,9
10,496,8
238,288,7
591,733,9
779,790,4
71,412,3
188,757,6
135,237,2
320,639,1
209,752,1
10,466,7
523,797,3
370,466,8
424,631,4
19,508,4
111,548,10
691,747,6
104,679,1
25,640,1
466,674,4
365,788,4
267,700,4
568,692,2
106,515,8
637,660,10
138,436,5
10,649,3
369,585,9
39,182,7
111,472,9
199,419,2
258,454,4
288,323,3
455,794,6
422,577,1
80,240,3
191,632,1
359,400,7
491,756,6
605,607,8
45,230,10
674,732,1
280,435,9
252,691,9
30,334,3
370,398,5
163,676,7
53,791,7
161,473,1
752,796,8
417,698,3
262,672,4
375,471,10
557,564,3
157,623,2
41,756,4
152,777,9
151,732,5
202,465,3
28,332,4
621,736,7
424,675,9
568,617,10
21,478,1
252,630,10
319,415,5
46,391,4
48,335,3
172,606,2
225,666,10
252,301,4
432,606,8
468,602,9
419,545,6
414,546,6
260,581,6
301,395,9
58,437,10
68,424,8
212,301,8
172,374,6
224,487,8
203,585,6
387,709,9
18,648,4
44,491,6
79,417,3
18,76,4
560,630,7
210,515,3
276,630,9
67,676,2
431,763,5
127,732,10
50,288,10
56,301,8
709,786,8
397,601,1
85,681,3
43,275,5
520,706,6
21,786,8
186,790,5
214,568,7
242,316,4
650,664,4
560,572,8
503,662,2
673,717,1
18,66,8
118,768,9
299,315,8
386,467,1
97,265,10
286,292,6
336,771,8
223,792,2
240,651,9
277,634,9
61,187,6
240,407,6
45,200,2
112,349,3
218,782,5
154,605,9
600,661,10
425,482,10
8,590,5
330,706,7
31,346,7
388,741,2
39,238,5
354,410,6
514,610,10
109,545,7
257,457,9
617,662,3
86,488,4
65,244,3
462,655,3
103,348,8
112,331,9
238,281,8
74,379,6
500,763,9
374,718,9
5,684,10
626,695,7
414,513,5
361,660,7
21,598,5
318,571,7
244,535,1
433,617,8
5,230,6
187,336,7
449,462,10
123,160,8
302,555,5
100,522,6
267,442,4
124,683,1
381,502,1
120,583,9
298,486,4
166,637,10
300,353,3
229,606,7
478,531,2
6,235,9
567,660,10
152,772,6
380,442,8
386,619,5
175,282,8
85,311,8
121,615,4
237,539,1
519,607,1
193,308,2
62,475,9
449,534,8
98,575,3
332,353,7
555,679,9
273,655,4
329,408,3
488,768,6
365,764,3
66,108,5
678,744,3
154,336,3
285,645,9
246,348,10
369,640,10
202,734,2
124,253,6
186,476,7
432,434,3
100,704,6
35,148,10
170,275,5
230,323,4
426,650,7
350,518,6
212,576,8
349,786,1
137,245,5
142,617,2
290,539,9
432,680,1
238,491,8
227,540,4
393,490,2
211,634,1
195,544,5
307,709,3
100,159,3
400,457,10
97,324,1
351,693,9
480,508,5
208,443,4
351,760,10
128,423,8
518,675,4
500,748,8
414,772,7
152,386,5
156,683,1
153,610,3
309,481,8
109,549,5
113,543,6
91,339,1
160,412,2
226,648,6
279,654,5
143,445,2
476,540,3
410,547,9
266,567,2
225,329,2
444,634,10
654,767,5
365,664,2
46,711,2
484,790,9
28,159,1
493,632,10
610,636,1
248,729,8
26,690,10
293,516,2
23,41,7
304,370,4
57,250,2
265,315,6
321,431,2
38,193,1
344,628,3
257,764,8
403,506,3
132,343,1
735,739,2
125,582,8
207,357,10
348,742,8
294,467,6
59,344,1
437,579,1
413,683,4
543,668,9
57,498,8
504,617,5
223,347,6
189,292,1
669,697,7
441,648,7
67,68,2
35,69,3
43,58,9
327,404,6
650,797,4
152,155,9
681,779,1
196,321,4
356,676,3
562,639,9
72,357,1
356,689,6
91,202,9
530,670,4
150,659,8
210,559,7
46,289,4
192,637,2
226,331,7
11,422,5
171,775,9
250,344,3
358,643,3
263,314,3
35,711,4
145,521,7
563,665,5
169,341,7
65,593,3
118,244,5
641,771,3
77,410,6
279,748,5
475,522,2
209,664,4
331,714,1
223,660,2
96,469,7
93,735,3
71,692,4
66,793,3
590,794,9
196,477,10
418,700,5
412,557,2
177,779,10
14,326,1
100,105,5
169,267,1
287,748,6
201,573,5
119,707,5
356,523,1
13,522,3
716,800,5
65,794,5
65,497,5
54,717,1
128,200,1
348,410,1
215,242,7
268,305,8
13,106,10
242,703,8
188,349,4
122,188,2
38,743,5
155,450,3
60,128,6
712,716,6
477,656,2
321,731,1
328,465,3
169,388,4
356,414,8
578,729,4
290,560,6
48,693,5
353,740,5
195,235,3
60,432,3
61,496,8
155,769,5
312,771,9
727,729,10
39,59,7
144,215,8
162,564,9
416,577,7
238,512,9
110,169,9
325,584,5
685,725,5
108,241,1
282,667,9
230,231,4
172,539,10
385,619,7
426,732,9
3,333,3
50,415,4
106,457,10
499,624,5
17,412,3
84,103,2
357,610,5
735,782,3
378,734,10
27,540,2
418,596,7
216,765,10
571,771,2
221,522,9
159,422,6
572,754,7
107,761,4
130,500,1
347,702,6
143,366,3
370,798,10
491,664,5
492,717,6
191,788,2
679,718,10
375,693,8
281,661,3
529,694,3
634,800,5
26,610,7
16,107,9
57,121,2
161,307,5
147,438,10
106,446,4
175,239,7
329,629,4
1,59,1
339,767,6
184,765,9
50,153,1
104,207,3
485,730,9
397,761,2
271,754,9
191,603,4
582,653,8
118,750,3
156,700,6
186,693,5
138,447,7
547,733,2
55,79,1
248,618,7
576,782,1
224,390,9
218,441,2
489,544,1
635,656,9
315,690,4
39,288,5
660,720,9
324,587,4
54,172,9
440,730,10
70,498,8
614,678,1
374,424,10
160,271,6
318,654,4
134,779,1
96,397,8
147,532,10
677,745,4
359,417,8
227,491,3
195,314,9
61,220,8
561,601,5
264,608,5
73,788,9
259,406,8
382,426,5
203,778,2
337,466,2
488,521,2
229,604,6
111,784,6
692,697,2
652,692,8
258,629,10
320,776,1
672,760,6
73,742,7
292,348,1
197,722,1
301,740,1
354,772,1
144,353,4
157,713,7
91,199,9
530,556,3
92,380,2
48,135,1
604,618,3
11,523,10
486,747,1
385,598,9
76,609,5
96,751,9
194,441,10
654,703,4
611,616,8
185,578,4
435,497,9
334,417,7
516,626,6
617,671,2
381,486,8
652,655,8
199,554,2
152,757,2
273,775,7
13,131,4
349,662,9
392,442,3
232,707,8
34,698,10
194,337,7
458,497,7
704,765,4
540,725,7
340,432,1
289,402,9
257,620,6
384,790,2
16,214,10
125,169,3
411,451,10
310,450,5
125,742,9
593,599,7
143,691,8
479,768,8
137,667,2
25,749,6
355,759,1
417,701,9
104,328,5
431,458,9
59,770,2
79,186,1
102,452,7
130,417,1
98,551,6
177,264,8
483,541,10
437,494,2
455,796,2
162,616,8
197,589,9
261,274,6
662,698,8
111,505,7
461,706,10
417,638,10
412,696,3
635,659,6
250,784,10
221,452,1
512,555,9
126,291,1
325,621,3
186,477,6
189,211,8
343,555,10
47,181,8
85,490,9
270,638,4
92,406,6
236,593,9
50,722,1
387,721,4
461,505,7
525,711,6
293,307,7
110,233,8
357,473,10
481,489,7
437,658,5
156,344,4
347,579,5
686,773,5
86,349,6
142,520,3
426,624,1
293,399,7
201,290,5
416,693,6
349,774,8
244,753,5
355,619,6
707,768,9
13,389,7
382,661,2
66,452,4
219,753,8
107,132,10
16,117,6
254,362,7
541,647,7
100,437,8
544,673,8
386,436,10
666,799,8
186,540,3
582,759,8
266,356,9
311,345,4
721,725,1
29,775,1
531,737,3
461,553,3
136,674,4
62,761,7
689,793,7
2,410,2
109,724,10
107,201,1
109,614,9
57,221,1
502,678,7
455,715,7
312,450,1
140,549,1
452,473,3
346,635,2
3,515,6
18,364,7
399,430,1
650,712,9
39,326,3
522,525,9
401,758,7
226,439,9
139,611,1
687,744,7
307,658,8
461,484,9
271,736,7
524,709,9
530,624,9
44,189,10
210,366,4
289,590,1
102,796,5
135,314,1
253,519,6
786,798,5
599,742,4
391,656,9
514,581,5
117,280,10
34,504,1
112,711,8
24,492,7
197,348,10
151,482,9
600,632,3
388,798,3
456,746,7
362,369,2
224,724,9
47,543,10
256,778,5
130,291,8
235,368,4
617,647,3
65,503,4
168,502,9
373,574,3
516,537,4
232,703,5
41,163,5
271,722,10
4,236,9
178,359,10
161,162,4
12,543,4
403,723,8
186,585,10
248,337,8
259,742,2
269,764,6
128,617,5
286,514,7
196,746,3
582,648,4
68,371,1
129,548,5
108,381,6
131,578,10
313,525,3
450,755,9
153,570,2
10,238,10
191,692,4
615,743,3
16,361,8
273,386,1
478,598,5
291,395,7
423,698,5
403,720,5
62,516,7
354,769,2
448,769,1
163,271,1
62,573,7
56,703,6
62,564,4
141,699,3
19,189,6
71,419,2
634,670,5
112,494,2
250,565,3
536,779,8
292,671,2
316,335,8
27,393,5
132,781,3
289,296,3
11,211,8
54,769,5
665,684,6
148,783,7
23,295,2
483,763,5
81,386,9
119,526,4
86,739,5
278,432,4
113,168,1
290,455,2
112,346,6
230,720,7
34,738,10
532,719,4
88,724,6
318,653,2
564,792,8
83,557,3
124,679,2
461,696,7
295,794,7
181,710,9
88,603,9
100,459,10
549,681,8
182,411,5
455,645,10
289,600,3
233,553,6
242,336,6
221,507,3
70,450,10
30,677,7
526,779,6
529,587,7
505,732,3
62,395,4
294,772,9
340,704,2
6,606,6
32,537,10
292,494,9
251,509,6
764,771,7
711,753,10
258,402,6
403,762,6
167,569,4
466,587,6
308,393,9
373,580,3
266,289,9
20,610,7
3,198,1
139,263,6
162,756,8
228,231,7
1,711,4
372,423,9
93,580,3
100,487,6
337,557,7
198,773,8
266,527,5
170,373,4
249,670,5
210,459,6
96,269,8
141,534,7
58,593,1
504,711,8
353,613,2
21,61,7
130,370,2
628,672,1
326,542,10
152,273,3
239,514,5
442,541,4
572,603,3
467,633,2
288,456,8
80,656,4
343,677,3
64,567,6
303,497,8
87,740,1
61,223,5
102,268,2
253,573,6
173,350,2
600,610,8
249,264,2
150,705,5
3,38,4
451,483,7
239,524,5
399,509,5
124,151,4
110,766,1
416,732,2
523,728,6
108,541,1
529,646,5
10,419,4
43,107,9
99,198,4
60,451,10
92,785,5
555,650,5
372,552,2
600,718,3
75,439,9
34,615,2
116,448,1
69,533,3
555,784,5
106,751,6
243,728,1
10,736,7
238,653,9
176,179,10
22,391,3
114,460,3
58,136,2
354,715,9
144,299,7
243,347,1
465,541,9
304,693,10
583,667,10
551,636,9
534,553,3
583,733,3
120,459,10
150,309,9
111,609,5
218,594,1
505,528,7
206,394,8
93,772,1
386,772,6
251,466,8
122,245,9
207,736,9
246,726,2
520,770,7
74,732,5
363,711,5
298,389,9
211,543,1
231,454,7
17,788,4
388,629,3
469,623,3
327,400,1
577,638,5
365,644,8
483,648,7
632,745,10
116,497,9
50,794,7
262,772,9
234,543,9
266,516,9
144,575,6
175,743,1
493,703,3
125,322,8
69,205,1
584,761,2
62,466,9
74,291,6
185,640,10
221,644,9
28,466,2
402,526,10
34,669,3
572,743,1
60,280,3
6,769,2
43,410,5
325,500,2
26,314,10
78,455,10
147,522,6
443,576,10
587,733,7
149,324,5
72,740,1
364,366,10
639,696,2
52,730,6
204,300,1
147,627,10
703,765,3
18,192,3
66,717,5
6,651,5
507,647,2
510,550,4
69,662,6
68,687,7
78,411,7
287,399,8
190,196,3
70,472,7
2,407,6
400,574,6
442,585,9
343,631,4
228,653,10
222,227,5
307,476,8
243,646,10
209,213,9
151,182,3
430,701,5
433,449,8
331,487,8
212,564,10
572,757,4
232,241,2
171,190,6
542,602,6
149,368,9
593,768,8
195,453,6
409,521,5
165,615,9
250,731,2
57,777,3
145,633,2
243,697,9
550,687,8
15,186,2
46,356,4
390,703,2
258,617,4
97,259,10
14,249,9
154,195,3
41,306,10
64,115,6
114,226,1
230,474,7
156,764,8
34,263,4
21,209,5
144,771,6
374,540,1
359,557,2
100,315,3
60,782,1
286,684,7
275,338,7
125,210,2
46,613,2
93,108,9
403,537,2
168,493,10
286,426,9
109,742,4
462,513,9
307,489,1
379,516,1
112,387,2
201,362,5
645,753,3
89,390,5
318,562,3
81,108,7
51,214,9
237,771,6
410,620,3
479,526,7
533,765,7
442,556,7
426,595,9
414,440,5
387,582,10
1,261,5
377,682,3
259,745,8
33,188,8
194,365,7
137,372,5
41,142,2
229,445,6
218,558,1
198,574,6
235,642,7
10,525,10
300,800,3
18,684,6
200,657,7
509,694,2
147,798,9
193,791,1
397,451,5
295,447,3
444,476,1
112,469,1
132,266,9
167,770,8
204,388,5
480,725,10
650,710,3
625,755,4
156,407,5
242,693,7
587,702,9
618,743,3
144,478,5
105,410,8
328,386,6
498,724,10
720,764,8
47,573,2
59,309,9
64,488,3
29,274,9
637,780,1
192,356,3
540,549,1
145,740,10
573,774,3
622,738,4
515,777,5
368,687,3
363,374,9
78,504,6
475,723,3
125,308,8
161,704,10
491,776,2
250,376,8
68,534,7
250,675,9
388,645,3
353,780,1
511,590,9
367,626,7
210,627,9
34,127,7
336,341,7
320,535,1
81,85,4
477,746,10
588,691,10
600,759,3
155,713,2
222,249,8
232,264,9
130,284,6
51,610,7
429,450,7
283,526,6
88,178,7
32,390,2
288,612,3
86,772,4
63,799,1
143,394,9
333,606,5
505,608,3
128,593,4
355,597,1
49,721,4
191,724,6
8,184,10
305,496,4
326,515,4
497,679,4
122,350,2
211,400,1
264,529,10
188,526,8
571,722,5
339,652,9
33,316,6
164,504,8
63,77,10
97,155,10
510,739,7
256,380,1
222,254,3
75,142,5
369,565,3
555,680,7
312,502,10
430,561,1
606,698,9
350,435,4
516,742,10
184,494,3
57,662,3
59,492,3
15,443,2
18,85,6
68,655,5
429,454,9
141,443,7
75,112,5
564,607,8
396,512,8
135,186,1
367,667,4
33,55,7
512,712,3
313,666,9
610,767,9
25,185,3
234,446,8
250,563,7
147,702,2
390,484,5
580,701,10
55,86,9
498,620,10
287,372,7
255,552,4
543,783,7
404,490,1
268,381,4
179,544,9
339,786,8
275,703,5
189,679,1
576,580,6
221,581,7
384,500,5
304,609,2
295,791,7
180,535,4
497,774,1
191,762,4
388,564,1
587,688,2
18,392,10
100,479,4
69,582,2
630,696,6
182,562,6
68,601,9
146,701,8
17,371,3
192,551,8
25,794,6
321,322,3
188,194,4
225,686,3
92,374,10
192,583,8
469,580,5
31,236,4
14,473,5
199,629,1
142,641,1
52,459,9
22,143,4
223,558,6
216,406,4
368,512,1
472,585,6
355,620,10
230,258,4
374,795,3
18,87,1
605,751,1
501,604,5
67,262,4
570,632,8
689,692,9
272,702,2
266,298,4
80,744,2
155,468,2
14,99,8
56,778,4
166,576,9
74,646,10
40,335,2
207,441,2
368,747,4
654,740,3
717,797,3
184,728,2
200,656,8
324,741,1
18,334,1
516,766,6
188,719,9
27,39,1
141,323,5
70,697,8
259,329,1
456,490,2
143,344,9
363,717,7
321,763,4
18,524,10
211,635,7
276,711,1
171,246,2
194,745,6
224,571,4
672,790,9
78,267,7
535,671,4
471,720,6
563,623,4
316,411,4
515,664,8
432,478,1
531,679,10
417,670,9
435,634,7
381,633,5
181,733,2
79,181,4
187,525,2
349,463,1
721,733,6
103,157,8
323,434,4
755,760,10
447,547,10
136,499,9
155,174,3
354,580,4
748,755,9
139,459,9
350,608,7
282,659,9
62,778,6
243,264,7
7,26,4
242,444,7
222,456,5
128,190,3
216,359,3
16,538,4
288,674,9
620,677,8
235,407,1
391,637,4
112,176,5
428,524,10
491,730,10
296,504,9
281,303,7
265,758,10
55,293,9
554,726,5
141,455,9
367,600,4
132,297,5
470,668,4
404,406,3
269,771,7
165,791,4
221,560,10
587,615,1
249,545,9
239,615,7
44,93,9
74,174,5
186,387,1
619,735,4
182,567,5
552,720,1
220,289,2
387,734,4
218,282,2
514,580,4
204,708,9
210,534,1
103,524,5
89,532,7
109,637,8
558,680,2
389,649,3
454,499,5
347,584,4
10,671,3
127,185,1
106,194,6
511,587,7
294,668,10
210,769,3
152,655,1
115,471,7
367,585,8
10,480,7
713,714,9
367,651,2
306,605,5
391,774,7
179,509,5
555,744,2
75,367,1
18,327,1
64,641,10
204,753,1
99,233,1
277,321,5
350,433,1
111,697,10
85,469,2
220,353,1
533,705,3
417,722,8
288,660,5
142,509,5
105,446,1
27,143,6
74,275,9
235,416,5
80,489,2
194,654,5
631,651,5
4,176,10
16,268,6
568,619,10
23,650,1
157,159,6
501,677,5
12,161,5
284,632,5
386,464,4
87,423,7
376,421,10
197,729,7
305,672,1
224,231,3
96,277,6
385,495,10
496,520,3
465,524,3
455,584,5
464,724,3
220,773,4
227,494,6
17,642,5
574,726,6
61,262,2
100,398,10
299,456,2
108,630,6
243,272,2
175,625,4
465,665,1
290,386,1
144,187,3
290,430,9
124,481,1
45,476,6
453,564,1
220,513,1
234,498,3
255,696,3
680,779,9
176,655,4
39,623,5
226,340,1
119,196,3
395,748,5
212,690,1
487,595,8
541,758,9
229,516,8
585,788,5
48,515,4
1,133,6
287,418,7
13,258,8
149,246,10
441,714,1
77,741,8
19,288,8
105,129,2
376,508,8
181,740,1
389,450,4
5,335,3
295,597,9
74,678,4
75,180,6
110,551,3
368,428,2
85,628,5
5,347,4
613,724,7
190,533,1
307,494,1
32,69,8
282,709,1
231,751,2
138,144,5
102,392,3
25,126,7
237,632,10
141,270,8
271,489,9
90,235,3
298,673,6
126,545,5
456,628,8
451,585,5
108,728,1
318,524,7
252,261,10
126,791,6
397,661,4
172,654,5
11,559,2
462,584,10
170,307,3
161,780,7
85,455,2
452,672,5
136,455,4
286,699,4
246,488,9
321,580,1
446,557,4
4,295,10
549,781,9
551,735,4
294,382,5
338,766,8
281,344,9
271,429,6
191,368,4
713,743,4
177,654,3
127,438,3
678,745,7
426,564,7
191,635,8
174,694,5
138,666,7
435,539,1
226,388,6
35,228,8
134,674,10
65,192,2
94,596,8
504,771,10
183,476,1
245,725,3
284,574,5
641,719,6
204,309,1
454,464,10
308,704,1
472,592,2
155,296,2
107,174,2
367,706,2
318,753,4
373,585,5
96,725,1
553,780,10
593,691,2
12,765,4
143,591,9
14,608,4
121,658,1
58,719,9
260,612,6
75,631,1
73,671,10
716,793,7
300,335,5
96,558,3
571,767,10
256,402,4
670,795,4
53,89,2
64,538,4
315,686,8
107,262,7
513,677,1
397,591,6
135,356,2
101,418,9
187,252,1
268,354,7
82,360,2
122,302,3
183,355,9
106,652,1
193,569,4
441,566,2
142,774,6
247,669,7
310,426,2
627,643,5
131,217,9
91,728,2
6,251,3
193,475,4
363,364,9
463,595,5
754,771,9
485,675,8
187,493,3
313,341,7
61,62,4
16,783,3
173,540,4
408,628,8
241,651,10
135,282,7
261,457,4
601,747,6
111,787,4
480,696,7
250,586,4
662,742,4
323,748,4
94,654,1
182,371,9
296,328,5
82,226,8
574,590,8
314,315,8
290,773,1
506,594,6
397,511,9
74,133,1
279,597,3
125,346,6
347,535,2
322,531,10
277,293,2
559,673,7
597,739,3
185,472,4
44,771,9
104,493,3
415,665,4
18,681,9
287,543,4
202,537,9
550,755,1
68,305,5
32,132,4
97,427,7
214,342,2
22,700,8
26,601,4
447,644,7
236,796,3
561,619,7
124,168,10
490,565,6
168,405,1
440,697,6
589,593,6
103,507,3
51,186,9
534,554,4
112,660,2
19,782,8
382,412,3
29,580,8
55,219,7
265,336,7
103,708,7
67,251,3
292,410,1
402,724,1
31,85,5
221,572,7
559,642,9
105,527,9
507,640,9
519,654,7
505,511,5
586,667,10
240,608,10
316,662,4
377,699,2
712,719,2
407,763,9
421,444,8
214,305,6
96,663,4
276,699,6
395,745,5
3,60,10
495,584,3
296,484,4
185,635,9
69,287,8
2,17,2
210,658,3
588,793,6
387,525,6
473,770,10
574,602,5
22,461,6
401,696,9
116,148,5
40,493,6
207,397,7
496,600,9
306,414,1
203,476,1
397,555,8
26,44,4
134,596,10
79,737,8
401,561,5
57,594,2
120,747,8
147,684,7
291,751,5
437,571,6
588,637,10
102,493,9
2,189,10
733,792,5
425,720,6
579,692,5
125,466,3
54,647,4
525,712,7
207,595,3
68,767,3
66,674,9
631,763,3
239,645,9
418,761,9
189,513,8
75,419,7
198,314,2
662,762,6
385,747,5
189,296,6
67,308,7
100,480,5
356,775,5
285,692,7
112,603,8
541,742,5
206,475,2
65,367,8
286,707,9
547,617,4
648,752,3
666,757,3
172,199,2
197,577,7
112,120,8
123,716,3
317,414,9
125,318,7
123,167,4
35,618,6
427,617,3
130,567,3
280,367,1
11,103,9
315,320,3
178,447,10
96,795,1
392,726,6
228,497,1
685,695,7
90,615,4
70,583,3
246,275,9
550,654,1
472,573,9
72,744,8
667,671,9
609,639,4
281,723,3
274,410,3
147,727,9
547,761,8
121,409,6
336,524,6
252,437,6
226,636,5
244,271,7
395,482,2
157,678,3
361,487,10
273,599,7
128,432,4
186,262,1
27,200,9
123,203,6
73,680,8
147,167,2
319,478,7
459,506,6
296,744,2
200,568,10
409,502,3
456,662,10
516,661,7
103,438,6
628,702,3
305,454,3
497,539,10
413,502,6
226,791,2
638,767,6
17,266,1
174,623,8
394,638,2
364,513,7
112,320,2
140,461,1
260,586,7
298,583,3
366,511,8
248,574,4
440,449,1
323,553,6
266,463,9
36,90,1
460,625,2
102,156,1
190,414,7
333,546,6
181,184,3
17,741,5
710,732,2
43,517,7
587,752,8
45,290,1
98,406,6
369,552,3
460,615,6
449,547,7
272,575,4
506,730,9
30,501,6
5,645,2
225,306,8
39,87,2
513,753,5
142,331,9
263,335,10
638,648,1
207,238,6
632,756,10
282,627,8
256,490,10
248,514,5
53,318,3
36,265,3
225,294,9
410,724,1
439,709,3
378,560,7
124,791,5
293,587,5
235,244,2
348,471,2
580,702,9
711,748,10
393,492,2
267,289,2
87,520,4
74,703,4
29,560,1
455,676,2
394,730,4
617,726,9
298,594,5
269,356,7
269,320,3
410,743,1
97,240,2
581,757,9
189,277,2
545,563,7
605,622,4
137,444,4
104,220,6
65,237,10
361,428,10
180,594,7
9,327,2
441,737,2
438,754,8
235,567,2
536,633,6
245,271,3
470,707,3
174,425,5
236,672,2
394,661,3
373,465,9
639,669,5
583,676,3
76,141,6
369,622,9
421,493,4
760,800,1
37,290,1
12,166,10
93,530,7
353,704,7
670,735,9
180,781,5
325,472,4
291,521,1
66,467,5
250,752,3
26,210,7
307,313,2
410,550,7
701,776,8
316,406,5
59,629,6
63,415,3
275,318,8
123,425,2
296,419,10
413,780,3
503,515,2
236,629,3
453,667,2
380,660,10
305,324,3
149,453,2
26,365,2
371,528,10
306,309,9
381,460,3
89,726,10
610,615,2
82,627,1
546,747,2
2,553,7
738,789,5
374,728,6
375,795,3
279,326,3
11,640,5
37,346,3
24,590,1
17,773,8
144,566,2
371,526,7
221,754,1
26,141,7
22,88,5
256,576,8
471,588,1
23,230,1
767,796,10
700,715,10
96,792,3
324,612,10
217,287,2
425,550,8
214,741,10
189,781,6
37,506,6
102,572,2
11,212,1
140,651,5
230,383,6
76,442,8
354,723,1
261,480,5
613,665,6
215,522,10
546,661,1
297,794,9
76,212,3
410,670,3
47,571,8
399,481,9
562,617,9
306,739,3
183,703,9
647,779,10
565,622,7
509,787,7
94,677,5
270,800,6
108,395,5
274,482,8
199,584,8
111,534,6
161,485,6
134,318,10
182,596,4
345,398,10
33,182,8
240,311,6
243,393,9
139,478,1
98,631,4
50,524,10
25,597,4
57,548,9
489,597,4
79,209,2
374,466,9
518,547,3
578,716,5
580,584,7
63,574,3
334,543,1
585,619,1
36,39,5
394,588,9
197,780,3
256,518,5
53,795,5
169,600,5
589,675,5
497,579,1
459,705,3
42,138,7
75,141,9
470,755,5
48,561,3
47,750,8
253,291,10
471,599,7
87,607,4
600,707,9
126,591,1
424,770,3
129,157,4
181,609,3
477,690,6
283,414,10
48,320,3
505,530,5
94,650,3
462,623,2
68,531,9
224,329,10
589,613,4
126,278,5
593,707,10
113,268,1
314,626,1
352,686,7
682,730,2
219,261,2
508,576,9
376,420,1
287,546,9
663,788,9
423,470,5
355,556,6
301,706,2
317,681,5
34,107,4
8,343,7
218,561,8
594,796,1
276,600,1
99,641,3
71,328,4
