1600
394,1012,10
635,1360,6
219,1157,4
244,376,4
1000,1255,4
687,798,2
516,1573,2
1008,1100,9
274,701,10
755,1078,6
188,1444,7
861,1526,9
756,1463,5
419,1351,4
75,1354,7
949,1153,10
973,1309,10
704,1506,6
222,1448,7
409,507,1
468,1244,4
113,589,8
442,989,5
791,1256,8
611,824,9
54,1420,9
489,1574,9
46,240,8
524,856,3
523,1037,3
655,959,4
513,671,10
531,1396,8
117,252,2
968,1338,5
540,1115,1
991,1184,5
135,1004,1
343,983,9
239,636,9
987,1522,4
287,1271,9
342,1168,10
238,777,4
260,546,10
1378,1575,8
995,1050,5
338,1497,3
651,1180,4
636,1319,5
461,1058,3
1233,1304,6
493,1540,3
19,1453,2
1097,1340,4
1141,1512,7
1524,1569,3
101,922,10
213,456,7
288,784,2
735,1184,1
360,444,1
158,341,10
22,1349,9
1152,1161,6
981,1451,8
1326,1401,7
1284,1380,8
426,1087,5
532,993,6
752,838,9
18,83,9
413,628,2
625,1115,4
245,378,7
562,674,10
1344,1540,7
36,471,9
430,1003,3
147,1594,9
213,874,6
66,227,5
232,571,2
70,204,9
1177,1321,1
364,1407,6
302,549,5
153,375,9
619,871,10
1483,1580,5
231,1279,5
309,1406,6
286,650,2
201,1462,8
14,1250,3
932,1464,6
1085,1389,9
703,1254,8
803,1130,10
763,1411,9
8,918,5
190,780,4
909,1160,10
58,62,2
420,1555,3
63,1409,1
664,1404,2
76,281,4
765,1066,7
39,1108,10
1009,1454,8
369,741,6
104,166,5
78,1153,3
585,972,5
291,982,4
597,925,10
343,1152,6
588,1520,1
1204,1538,2
792,819,9
194,611,2
999,1518,8
937,1578,4
96,162,6
212,1125,1
253,1059,9
425,682,3
281,1003,6
130,1402,2
14,706,1
89,252,10
279,1465,6
4,1072,10
296,317,2
1335,1512,2
1055,1360,7
488,594,1
897,1123,10
276,394,7
151,840,9
84,797,8
223,1461,10
91,1324,7
1233,1329,5
129,804,3
558,768,9
531,1062,1
672,808,4
542,1300,7
775,881,4
1204,1353,4
570,1227,4
918,1559,6
495,1006,4
150,257,3
432,621,7
791,1335,5
573,914,5
270,1546,7
191,296,2
221,660,10
381,394,1
169,1427,9
77,959,9
127,1244,1
519,1592,3
150,543,10
84,1299,5
107,460,3
231,993,9
38,1189,7
6,1381,3
87,960,7
205,635,4
991,1413,8
280,709,2
433,1563,2
488,1149,2
718,1600,9
125,1283,2
114,1184,3
567,1097,8
694,1438,10
408,1382,1
156,1534,8
909,945,7
297,1234,2
605,807,4
830,1582,5
94,337,3
379,1386,5
1113,1493,4
977,1105,6
533,1551,5
372,1081,9
831,1592,6
906,1436,4
1051,1080,5
355,1315,7
152,1414,3
778,852,8
959,1035,3
1174,1378,6
480,586,7
265,435,5
64,452,8
311,1415,7
969,1575,1
942,1067,5
1286,1448,6
547,851,3
532,1144,8
289,1449,2
838,1120,6
271,505,4
517,1334,4
1052,1268,8
670,919,1
1256,1270,5
930,1007,5
865,1469,4
302,453,6
5,1278,3
1274,1558,8
115,1053,9
171,1315,3
767,1113,6
964,1251,5
221,696,3
103,1495,6
673,1563,1
425,1491,7
160,1448,3
655,1144,10
1350,1560,3
18,1256,1
822,984,3
784,1178,2
1146,1316,10
9,1594,9
173,1530,8
595,1070,5
560,1248,9
1171,1251,3
188,496,2
181,185,1
663,837,9
839,863,8
1077,1577,8
266,404,5
54,794,3
882,1536,2
231,714,8
175,264,6
842,1130,2
417,876,2
447,808,3
1232,1293,4
163,1176,4
92,330,1
212,1210,10
812,919,6
1021,1511,9
1096,1567,2
828,1350,6
780,881,3
1043,1339,3
1101,1401,8
210,868,2
586,854,9
606,1182,3
408,1516,5
363,962,4
427,1519,3
330,667,9
388,621,5
384,1295,10
747,1381,8
17,1464,5
820,1288,8
84,183,9
322,1345,9
638,853,6
1005,1165,6
535,655,1
660,1346,9
1495,1536,3
1079,1314,6
869,1337,1
1354,1457,2
40,1483,3
1513,1517,10
383,1255,5
430,1448,2
819,961,10
378,416,4
770,1434,6
365,829,2
646,1335,1
257,1363,4
138,707,5
46,288,10
355,769,8
111,824,4
250,580,8
503,1279,8
244,1277,8
459,1412,8
270,1171,3
130,845,7
967,1077,8
212,1549,3
269,519,8
767,1233,10
159,879,6
851,922,1
912,920,2
129,440,3
162,1561,9
886,1348,9
578,1493,8
1022,1435,7
793,1596,5
344,601,7
889,1394,3
1341,1435,1
222,792,7
88,1081,7
59,1527,4
38,236,2
536,962,4
486,1495,9
1050,1289,6
506,785,9
655,1478,5
463,1049,3
1017,1248,3
470,1227,6
223,642,4
221,1377,4
1250,1379,10
1002,1450,2
243,589,3
1469,1479,9
559,724,5
491,781,7
332,485,9
103,879,2
251,1014,10
511,644,2
684,1349,7
175,432,2
203,1382,9
28,828,9
1274,1309,2
374,445,3
1311,1403,9
138,313,8
288,1310,1
745,775,6
1098,1332,1
454,872,9
847,1124,8
2,326,7
1193,1229,5
45,282,3
591,931,2
610,1067,8
440,480,9
843,1338,6
1539,1600,2
1271,1509,8
648,1158,4
825,1536,9
599,1198,6
994,1429,10
582,1282,4
316,949,5
406,1293,3
65,407,8
529,1196,3
1090,1284,6
730,1471,9
342,961,8
509,1099,9
511,1557,6
423,1284,3
762,956,8
224,1282,7
291,314,6
28,69,10
1095,1306,2
276,820,3
159,1018,8
63,416,9
805,1296,7
639,1453,7
957,1454,3
95,1335,6
53,315,9
107,1577,4
309,1181,6
301,1575,4
1053,1438,9
111,333,1
1,1513,4
796,1594,3
1077,1504,8
651,891,10
373,937,4
1309,1313,8
1480,1501,2
37,953,2
283,316,7
683,1235,4
175,666,6
981,1529,2
975,1361,1
73,854,1
509,518,2
145,1255,3
559,1128,9
379,1406,7
376,614,8
50,256,4
1084,1092,9
96,1107,2
177,570,2
211,854,1
9,152,9
70,1208,8
232,1301,9
17,980,6
315,802,4
129,752,4
853,1344,2
458,1258,7
421,1023,8
54,230,5
97,467,9
754,863,5
995,1332,8
453,496,6
564,783,7
887,1334,8
620,1154,7
119,522,7
298,586,3
77,270,5
1056,1440,1
670,770,9
881,1068,7
155,261,7
763,1404,5
108,1118,1
965,1490,2
1147,1341,1
479,758,3
652,1145,1
572,688,2
999,1335,3
182,1254,10
1233,1395,2
371,553,2
302,442,4
225,1503,1
880,905,1
62,341,5
255,401,9
228,1361,6
1280,1342,2
397,1516,4
846,1249,4
1123,1520,4
96,944,9
847,1307,7
67,995,10
409,747,8
883,904,3
67,1419,10
328,536,8
489,775,1
16,1507,7
19,643,6
50,1506,1
839,1436,6
570,740,1
548,1529,5
567,1237,10
1146,1169,2
133,823,4
876,1447,3
1149,1533,5
216,1399,6
204,1155,7
726,1286,10
254,928,6
673,873,7
756,911,5
367,1018,9
1227,1382,9
128,1519,7
187,1074,1
178,1235,8
234,466,2
513,1543,1
455,608,6
1080,1398,4
401,783,5
47,1101,10
819,1524,9
494,1486,2
845,1500,8
1215,1416,7
101,733,7
6,1132,6
511,801,8
1195,1553,4
343,1427,5
226,359,5
410,1449,9
1032,1230,6
752,916,9
873,931,3
1160,1483,9
493,1252,2
131,331,2
28,423,2
773,1211,2
245,708,7
920,1053,7
462,1068,5
1213,1529,2
251,363,3
409,1245,4
583,1379,9
424,1530,3
315,1511,9
47,858,4
1168,1273,9
479,1376,6
387,947,6
1389,1574,10
594,989,8
110,1054,9
481,690,3
157,309,5
879,1140,6
610,705,3
523,818,8
413,1353,1
22,1192,3
728,952,5
777,1076,5
580,1309,8
470,1208,5
110,473,10
227,1505,8
340,945,7
407,1124,3
726,1528,1
487,1460,6
762,801,5
240,1525,3
667,1250,5
1310,1318,1
1446,1535,6
1060,1252,2
129,771,2
616,1507,5
5,676,4
970,1405,8
527,614,7
345,1199,1
645,1091,6
974,1144,2
317,318,3
623,1290,7
986,1486,4
282,689,9
248,306,8
686,1107,3
444,1291,4
97,956,1
14,172,4
360,652,4
147,802,2
594,618,8
956,1142,3
1566,1597,7
325,1444,3
368,1030,6
123,185,8
540,674,5
65,555,7
774,1545,3
688,701,10
386,1269,7
1094,1205,4
484,1541,6
908,1194,10
837,1502,9
738,802,3
1028,1159,9
1179,1516,2
1113,1159,4
1027,1519,2
216,1557,3
491,1383,8
522,1504,9
668,1490,2
473,1104,9
344,1571,1
1289,1442,8
311,822,7
174,1531,4
6,702,2
377,658,6
778,1321,4
182,1031,3
59,707,4
328,602,2
1594,1598,9
240,676,1
42,1371,10
337,667,6
109,677,3
284,525,8
416,1293,9
794,823,1
842,1052,4
401,432,9
115,883,7
675,1473,9
229,1494,6
703,869,10
221,634,5
888,906,1
637,1133,6
601,809,8
661,1367,9
78,1551,4
470,730,1
701,1414,3
989,1404,10
128,1450,7
709,873,4
386,639,8
209,1488,2
526,1337,2
192,1231,7
940,1321,9
87,1127,10
122,672,2
618,1309,6
604,1299,2
66,1269,2
1363,1493,9
291,1023,1
540,1408,1
1049,1367,6
312,1249,1
495,1024,1
88,408,7
180,1365,6
441,1486,4
455,808,8
304,771,10
799,1449,2
1283,1437,9
449,609,6
321,1210,9
585,1311,2
283,1511,5
725,1454,1
417,832,8
257,1578,5
951,1016,8
217,1112,2
1138,1240,10
1291,1325,10
752,1574,3
771,1088,8
169,671,2
181,1548,4
211,1341,9
507,1173,1
452,629,5
1032,1258,8
429,608,3
337,862,7
181,300,3
1279,1520,6
807,1201,8
45,1262,2
805,1434,1
447,1011,5
106,311,3
128,1119,8
208,844,2
356,1325,7
290,1539,7
236,544,4
111,421,2
76,815,5
253,1056,9
10,1135,9
1488,1547,9
429,886,3
871,1064,2
905,1087,3
149,580,6
187,1019,8
119,1468,7
178,442,5
597,874,4
405,1384,7
139,296,4
1122,1428,8
647,1148,8
934,1158,8
317,623,4
320,1336,2
973,1279,8
505,767,5
539,1536,7
599,1086,4
850,1117,9
140,1277,5
1070,1160,8
218,434,7
771,1162,4
793,1427,5
1363,1388,3
1140,1183,7
644,1508,10
812,818,4
368,1507,1
277,416,2
358,1013,1
113,965,7
905,1304,1
722,840,3
214,1466,7
296,1243,8
848,931,1
569,1216,5
73,864,9
1024,1193,6
1265,1576,3
612,960,5
414,948,7
625,1596,6
492,853,7
392,554,6
338,1583,2
755,1195,9
40,281,3
796,1242,2
270,983,4
999,1290,9
192,478,7
1416,1484,4
606,1266,10
544,1239,6
89,941,6
316,349,2
1436,1528,9
182,1171,9
356,1357,3
233,1522,7
233,1477,1
206,373,8
892,1376,5
20,422,4
193,674,9
568,785,3
1002,1132,4
1176,1447,6
711,813,8
462,1517,8
277,728,10
189,1384,8
321,1545,10
191,1016,10
319,1232,10
961,1452,4
1156,1586,9
382,978,10
577,1447,1
188,485,3
494,1327,1
458,518,2
1311,1582,8
98,829,8
328,845,2
794,880,8
318,1246,2
763,871,7
476,1435,2
618,1049,5
651,1080,6
903,1215,4
830,1225,6
50,581,6
174,1114,7
1180,1540,6
401,506,3
336,784,8
263,1352,2
838,991,5
622,646,5
54,236,10
969,1439,4
17,937,9
34,390,10
321,564,10
1406,1468,2
1448,1516,8
210,302,9
872,1332,10
970,1495,1
754,1473,3
1017,1031,2
478,607,9
864,1195,9
239,1287,1
711,796,3
41,157,1
234,1366,1
745,829,10
272,1034,9
251,1019,1
335,843,7
508,1000,7
1394,1465,9
966,1334,1
861,898,6
398,547,6
393,746,6
1375,1599,8
215,1104,8
198,230,5
105,1172,10
1023,1381,8
484,1002,7
253,353,3
1103,1456,6
106,451,10
539,1276,7
472,971,7
210,982,9
183,730,2
981,1015,4
1017,1384,1
96,1049,6
1165,1373,4
179,1223,6
412,1119,3
286,1301,6
208,1343,5
44,668,9
278,1572,2
722,1095,6
764,1132,2
766,905,5
596,1544,7
763,1391,6
878,1002,5
477,634,8
290,401,8
85,758,7
138,149,9
843,1312,4
361,444,9
673,1482,6
397,1231,7
424,533,1
212,345,10
376,1109,8
169,677,2
893,1360,8
1332,1450,1
710,1024,9
186,1117,5
455,1595,7
857,1051,2
763,1029,8
1250,1503,2
305,1181,2
552,675,5
910,1324,6
857,1512,5
196,826,3
10,495,2
948,1160,2
504,741,10
275,1222,10
124,577,4
85,1021,8
229,913,5
341,1471,4
448,1036,4
1151,1201,9
486,1431,8
379,557,4
60,523,2
385,790,3
232,1318,10
1012,1312,7
6,1279,7
682,1352,9
447,1094,9
423,898,7
874,1102,8
127,1292,8
240,895,10
494,979,6
591,1145,2
359,1433,9
1333,1515,1
673,1544,7
806,965,2
815,1188,8
669,886,5
507,651,5
161,559,7
99,1501,4
667,1244,3
666,1359,9
278,1043,1
749,1194,3
54,886,6
132,608,10
842,1206,1
83,198,6
698,1303,5
273,488,10
112,1086,10
225,883,2
643,872,5
81,339,5
179,749,9
155,1121,2
1134,1397,3
116,721,7
197,554,10
1211,1377,8
697,1566,7
1227,1365,9
873,1288,7
352,432,9
391,1045,4
216,800,5
231,1411,5
399,630,3
138,1224,4
911,925,10
324,1540,2
203,1591,9
376,1004,9
193,234,1
323,1109,9
125,862,3
1253,1313,4
58,1336,2
701,780,4
327,497,6
1248,1576,5
358,438,3
176,211,8
274,544,9
1116,1245,4
756,1089,3
214,323,3
326,1194,7
729,1260,10
550,1575,6
481,1364,9
706,1424,6
514,797,6
416,1206,2
482,1388,2
148,1562,4
237,1308,1
726,1435,10
1163,1470,5
34,1000,9
1132,1142,6
342,895,2
222,1160,9
708,845,8
356,1316,4
222,488,7
384,1401,1
380,728,8
260,1255,1
912,930,10
1210,1532,2
96,1507,3
251,512,10
552,1088,10
97,455,1
302,813,8
12,505,10
918,1147,4
389,537,4
1505,1512,9
423,469,1
222,430,2
121,1167,3
397,473,8
54,772,4
1049,1080,6
1131,1135,2
761,1582,10
549,1496,7
1030,1373,1
1009,1395,5
1086,1117,8
454,1011,10
54,1193,8
780,1522,6
270,1443,2
705,1450,10
882,1162,4
605,1102,8
721,1261,10
717,1485,3
505,1460,9
865,1388,3
116,537,3
380,1130,4
533,1425,6
1078,1082,4
97,458,3
155,949,6
283,923,9
1130,1184,4
475,631,4
131,1299,5
874,1373,9
446,1305,9
153,171,4
118,259,10
20,424,3
479,773,6
627,1417,1
288,1359,3
837,944,10
547,1214,9
166,1332,2
758,1551,7
524,1021,6
214,749,1
656,1189,6
290,1257,4
798,872,6
29,1201,3
483,1383,7
129,787,8
228,729,10
588,1175,9
796,824,7
261,1397,9
292,477,5
10,12,5
1067,1498,5
4,507,10
471,1475,10
232,493,1
168,612,9
520,1465,4
823,1081,8
250,1459,8
622,632,7
948,979,6
80,985,8
738,1245,6
319,1586,10
67,1440,9
835,1553,6
1292,1493,10
791,809,10
441,978,9
358,1335,10
261,749,5
163,879,5
420,1223,8
1210,1518,8
213,1439,5
1123,1359,8
134,1080,9
1304,1547,10
486,1333,5
524,1001,1
380,1110,8
897,1277,6
178,764,10
124,1111,7
357,423,3
911,1573,4
438,816,2
853,1551,10
477,730,3
719,1209,5
447,1169,6
682,1157,7
186,1551,10
885,1112,4
80,1415,8
430,1411,10
272,874,10
441,973,6
397,946,2
970,1186,2
1171,1406,2
48,878,10
1115,1437,6
281,1541,8
405,796,1
735,1143,6
851,894,1
665,1204,10
441,1543,8
948,1476,2
437,757,4
125,723,5
1050,1580,6
82,743,6
36,602,2
299,1505,5
862,1125,2
541,921,1
696,996,6
243,1441,10
211,715,10
1036,1394,9
71,1168,10
1162,1345,6
438,722,8
484,1386,4
896,1416,6
426,610,9
55,517,6
23,1508,7
691,1065,5
437,1021,2
1186,1389,7
225,1166,5
311,810,9
113,542,4
1372,1399,3
867,1022,5
66,565,4
20,1536,3
407,1048,1
91,1510,8
736,1533,4
909,1448,8
524,1006,8
785,909,1
550,1530,1
1223,1452,7
673,1511,3
416,1142,10
27,578,5
856,1116,8
463,805,3
670,1518,2
99,1556,2
413,1554,2
87,368,9
1027,1069,8
104,1448,1
706,1276,5
914,1390,8
498,703,9
12,1599,7
337,570,5
304,323,2
492,858,2
1434,1592,2
54,1501,4
310,1105,3
134,1024,4
1048,1092,5
227,921,6
472,1434,6
59,620,3
1053,1209,4
460,1422,5
138,567,8
1206,1284,3
29,426,8
230,1285,7
1357,1436,9
90,719,8
244,587,4
1346,1531,1
241,1344,3
295,695,3
145,391,1
167,1476,9
221,1186,10
274,733,6
293,296,5
192,1200,10
1023,1070,1
437,1457,4
1126,1327,7
567,1316,2
419,638,2
241,989,3
776,1122,7
419,975,4
919,1158,6
781,1072,3
59,1325,7
503,1003,2
683,1440,2
703,1500,6
203,779,4
375,962,10
587,1545,9
1135,1388,7
702,1442,1
647,666,4
803,957,10
1258,1395,8
233,1399,10
538,1222,3
439,1379,1
779,822,1
200,1290,5
524,1592,2
610,831,8
111,935,4
303,1407,5
681,787,10
1573,1590,10
977,1466,7
1072,1233,6
106,501,1
713,1114,10
394,1560,9
563,1487,1
602,990,1
494,595,3
197,645,3
507,1063,5
227,966,8
756,1275,6
102,289,6
799,1408,10
18,914,9
518,1304,3
436,785,10
693,801,7
584,723,4
779,867,6
1142,1297,5
86,1519,1
568,987,7
766,1475,4
570,1351,9
764,1031,9
118,1548,6
923,1015,9
306,1032,3
448,530,5
584,1568,6
758,1591,6
267,931,10
144,1018,8
914,1271,7
647,1574,8
192,922,10
1056,1318,3
23,267,6
445,1420,2
769,1360,8
181,1352,9
156,1286,4
921,1135,2
471,856,1
16,364,9
613,701,2
1110,1168,9
161,1255,2
1027,1402,1
151,1098,2
301,1425,9
214,459,2
865,1379,10
810,1353,9
20,1598,9
1183,1426,9
400,932,6
312,765,10
1164,1515,6
606,1581,4
702,783,5
88,1331,3
877,1505,8
209,1365,4
775,829,7
336,1046,2
1428,1540,1
85,620,10
180,883,2
904,989,10
432,574,8
516,1099,1
1315,1360,3
236,1052,1
1050,1510,5
751,1345,2
421,1291,5
934,1126,5
745,1587,3
115,1360,1
117,1120,9
551,731,10
414,499,4
82,552,7
177,736,3
564,1387,7
594,987,6
567,1303,1
431,1205,6
1175,1387,4
221,1133,4
125,599,7
325,1339,2
36,86,10
665,849,5
593,644,10
425,564,4
78,938,6
738,1536,9
520,983,2
49,1016,4
1132,1359,9
203,598,8
196,384,4
11,1020,8
267,298,2
619,1098,3
51,270,1
302,496,1
715,1446,8
60,1486,6
34,1316,2
683,1339,6
270,1045,10
628,766,7
148,620,5
382,1272,9
385,1238,4
458,883,5
482,1006,9
288,721,7
120,180,10
1209,1262,6
535,1448,6
631,884,3
290,950,4
236,802,10
165,450,4
398,1445,9
715,839,8
608,1525,10
417,1571,1
412,1224,7
859,1167,2
536,1293,10
144,897,6
209,925,3
836,1255,2
485,647,9
458,1449,10
167,1573,2
61,1060,6
113,394,7
721,754,5
902,972,2
1263,1315,2
531,962,4
715,1474,6
47,58,6
192,1541,8
636,1024,10
520,1494,5
595,1034,5
530,1026,3
779,937,5
1018,1500,8
1015,1164,8
1103,1488,2
527,1577,9
1218,1344,6
338,547,2
658,974,2
322,899,9
215,872,9
239,609,2
885,947,10
133,637,4
334,377,1
114,617,2
17,100,8
1232,1327,1
891,1226,2
529,1359,6
183,1563,3
3,1589,5
1381,1417,2
553,1351,6
428,554,9
617,1096,4
295,1171,10
861,925,2
774,1006,4
244,515,5
12,403,9
13,161,8
330,1599,10
246,1262,6
83,791,9
1200,1338,2
506,801,5
169,365,3
251,1415,3
402,804,1
146,686,8
173,1450,4
1287,1457,10
446,563,5
908,1507,5
66,1257,1
571,1071,5
1519,1522,9
217,550,2
19,256,1
566,904,6
399,1480,7
260,870,4
642,966,8
368,1117,6
245,1179,6
1012,1077,9
1083,1089,1
150,351,7
218,1097,1
742,1032,5
354,1387,8
725,1301,5
221,766,10
16,278,3
548,1296,7
328,1136,2
271,1319,6
329,1205,10
660,713,8
492,1159,7
480,925,8
1261,1328,10
100,101,10
1054,1331,8
168,1004,1
245,1579,10
164,1431,1
4,787,3
217,1477,2
661,740,10
493,1003,3
456,1350,7
509,857,4
630,1184,2
1157,1252,7
202,896,3
496,634,5
718,1440,6
306,369,3
199,1095,5
643,921,1
240,1284,3
179,1053,5
1432,1580,7
551,588,1
200,1563,1
194,265,9
261,961,5
383,725,5
533,603,9
761,1043,8
618,1356,5
1502,1512,9
1013,1393,4
1053,1188,4
1079,1291,6
1066,1103,1
1009,1298,10
1107,1347,7
519,1291,4
209,777,8
889,978,2
330,655,10
1079,1402,1
785,959,10
537,1298,4
618,1176,2
521,622,8
847,929,7
888,1109,7
641,1596,6
727,1337,4
866,1143,8
67,1208,10
1120,1444,10
250,396,5
974,1317,3
106,1417,3
705,738,10
390,1221,10
1520,1554,9
193,939,1
410,884,4
956,1034,5
1160,1468,2
134,1319,1
481,1354,10
112,178,1
664,1448,5
611,1205,5
1401,1437,9
343,1594,1
154,870,10
949,1452,7
1395,1495,3
117,1117,2
402,823,8
312,1590,6
103,1371,5
423,765,8
66,1032,3
759,857,2
604,1034,10
946,1591,6
666,1208,2
732,1014,10
124,1188,5
543,1305,8
110,886,6
991,1415,4
141,1115,8
1276,1291,5
76,604,9
379,659,2
785,864,5
635,984,7
827,1482,1
553,1582,4
744,1159,2
327,1540,6
1349,1427,2
299,1161,4
831,1552,5
4,718,7
312,850,8
730,1189,9
753,1311,10
17,1369,4
1537,1550,8
728,1359,10
669,1240,2
918,1534,5
658,1340,3
265,385,5
543,1132,9
37,1341,7
960,1546,8
8,1397,10
101,464,2
262,1058,2
1039,1400,6
785,1431,7
820,972,5
746,1094,5
988,1186,10
1570,1591,8
1045,1421,7
1009,1414,6
1065,1490,3
267,1425,10
770,1025,2
115,802,9
695,1183,3
580,860,4
426,978,1
333,854,2
26,1028,8
197,480,5
817,1405,2
1339,1574,7
88,910,8
1389,1460,8
549,1262,2
502,1506,8
656,1192,7
971,1107,10
1229,1465,7
30,148,7
683,1348,2
291,1522,8
742,1460,3
404,943,7
827,1225,6
349,1425,4
5,1327,2
1019,1100,4
435,1056,5
808,967,2
1044,1321,10
198,331,10
100,1458,10
374,1081,10
996,1029,7
150,866,9
161,831,6
1272,1390,8
891,971,6
625,708,4
265,1514,10
84,570,10
420,694,1
262,573,6
461,1379,4
858,1437,1
534,1490,6
259,1240,4
223,1093,4
886,1208,7
272,446,3
483,594,4
409,678,7
1117,1451,7
286,1521,5
371,993,1
354,1104,7
298,332,8
1349,1420,9
53,133,5
1209,1537,4
1482,1585,7
464,1399,2
305,1496,2
323,1151,7
815,1336,9
5,981,4
622,1033,4
534,790,5
688,748,1
27,300,3
489,1304,2
940,1166,4
225,241,10
216,1575,7
98,695,1
1391,1407,7
635,1110,5
4,392,8
133,502,1
839,1414,9
543,1581,7
115,1567,10
371,984,10
533,1312,2
887,1400,4
1389,1518,1
453,1122,5
1325,1354,9
1520,1569,10
361,619,2
600,843,3
890,1404,2
577,1518,9
153,319,9
466,772,8
1353,1355,7
569,1124,5
153,1252,3
973,1328,10
1459,1527,2
796,1206,4
269,472,9
222,1081,7
949,1577,2
1170,1411,8
824,1393,1
1456,1501,1
538,1083,9
474,1239,4
1345,1347,9
226,778,4
1326,1534,10
752,1509,6
377,1423,9
760,1453,4
709,1439,3
1282,1379,1
1099,1354,8
282,799,6
59,135,9
1263,1266,3
16,1048,1
94,281,1
107,924,4
632,1122,7
110,462,9
6,884,3
634,1372,8
173,263,6
197,1497,10
649,1147,1
237,856,5
687,868,7
11,983,7
164,658,7
1203,1317,6
732,1354,8
527,1424,9
92,801,3
652,1550,7
925,1083,4
1138,1314,7
115,1462,7
900,1132,3
1280,1486,9
531,797,2
17,872,10
446,589,6
384,1161,2
633,1151,7
1019,1482,1
123,1331,3
904,1455,4
762,1254,5
287,303,1
809,1333,1
265,1407,5
744,768,8
169,300,6
83,238,1
178,1081,6
713,1585,5
642,1547,1
584,1250,5
804,1570,8
267,1166,9
200,533,7
66,1323,1
73,1514,6
238,1337,9
538,618,10
548,1526,2
621,1297,10
444,593,8
522,1384,10
1065,1094,5
399,527,2
726,952,7
386,795,8
899,1426,6
571,1565,5
426,1557,5
986,1516,2
332,1338,4
1323,1391,9
75,894,10
220,518,4
1231,1325,2
387,1457,2
129,1362,6
451,603,2
593,948,1
1066,1206,3
550,1345,5
297,770,8
609,1322,5
190,209,8
273,621,9
522,858,10
22,1095,9
1345,1372,5
834,1265,4
840,1220,9
1291,1357,6
44,559,1
548,887,5
617,1005,9
430,1499,5
490,597,3
882,1257,10
542,1256,3
177,1111,6
822,843,5
1291,1334,8
1031,1414,7
367,500,7
837,904,10
326,1045,8
1082,1231,10
1100,1117,1
992,1438,5
1245,1324,10
487,1353,8
193,681,3
846,1524,8
889,1357,2
202,479,9
407,1054,2
114,1350,2
799,1020,8
1171,1244,8
130,400,9
484,1382,2
151,344,1
364,843,10
105,1331,7
300,1106,5
85,539,6
1291,1589,2
871,1021,1
792,1043,9
572,818,9
305,589,10
470,1168,2
976,1306,10
541,1028,9
634,1462,3
1336,1359,10
109,481,5
896,1180,1
774,1127,10
1210,1482,6
147,1381,8
123,1097,8
143,895,1
763,1181,4
244,1534,10
297,1038,8
89,1337,9
954,1218,1
751,872,7
706,829,1
131,648,2
1041,1319,9
1043,1129,1
1108,1428,6
380,700,7
176,1466,4
123,337,3
321,346,4
957,1528,6
823,1207,1
411,514,1
170,1508,6
210,1295,8
939,1011,10
170,436,5
566,1166,3
1115,1484,9
430,901,10
353,686,9
384,776,10
897,1513,2
839,1384,8
553,1343,3
211,602,5
35,250,6
197,219,9
576,1289,1
544,1177,9
7,673,2
591,671,1
917,1101,3
630,1384,7
405,1093,2
66,1325,5
1018,1072,1
597,1186,4
1105,1416,4
202,446,4
606,1330,8
209,1371,2
1200,1369,1
388,641,7
206,798,4
578,1157,7
142,1514,4
517,1293,2
1397,1515,7
920,1475,7
533,1181,5
791,1584,9
838,1063,3
299,448,7
102,1480,6
451,1488,10
658,934,2
920,1573,4
971,1429,6
165,1076,5
253,951,10
211,1218,3
741,1565,1
444,953,5
394,1121,9
348,1007,6
377,968,3
875,1326,8
16,466,5
458,1451,3
712,1129,10
1460,1595,5
499,805,6
767,794,7
715,838,7
309,1022,10
240,1283,7
106,520,5
64,166,6
247,1466,6
130,1590,7
369,1419,2
262,286,1
385,1291,8
175,607,6
1294,1372,6
202,1377,7
585,1456,3
35,1264,10
1088,1468,4
519,1514,7
1117,1199,5
1377,1578,9
402,736,1
1079,1397,2
637,899,3
473,1234,8
4,350,2
1158,1349,10
1179,1394,1
61,1510,7
848,1538,1
1294,1410,1
1015,1084,4
658,967,5
1303,1431,9
468,1074,7
276,727,7
130,1054,8
115,1077,2
211,1332,1
686,1118,9
829,1529,3
59,105,4
1022,1449,2
249,1536,3
515,1287,5
377,744,4
1143,1323,10
211,543,5
738,1532,3
1144,1449,8
125,509,9
1048,1315,7
221,1480,3
832,1345,4
20,806,9
78,813,8
474,1122,5
1138,1589,1
1506,1520,3
395,1159,7
1557,1571,2
102,623,6
478,1532,7
466,1153,4
1019,1153,8
103,1053,7
789,809,7
1083,1347,10
1286,1352,4
527,1291,7
23,1077,6
810,1263,4
207,260,5
85,1356,3
416,417,8
1465,1576,5
648,769,7
55,488,3
613,828,1
916,1039,7
644,1404,1
1429,1493,5
195,635,3
497,1049,2
757,1327,9
202,624,3
160,1122,1
389,1181,2
772,1104,4
303,860,8
198,337,3
187,462,4
723,950,8
433,1029,8
392,1543,4
454,1102,5
338,1296,2
899,1163,2
227,1277,7
163,705,10
998,1509,7
534,660,8
252,783,1
1067,1436,9
320,1235,7
622,867,8
966,1518,6
1512,1555,10
290,892,10
237,468,10
359,702,3
151,1313,8
16,1316,3
69,319,10
65,104,4
793,1296,9
134,614,6
722,1127,9
134,606,4
849,904,6
101,644,4
1228,1448,5
781,1397,1
914,1345,4
1226,1241,4
169,1279,9
1511,1551,5
870,1594,3
959,1015,6
425,1589,4
793,1509,2
481,1523,6
482,777,7
700,1079,7
1138,1250,5
1261,1458,4
825,1083,8
185,1355,3
581,1293,9
1136,1151,4
300,975,8
1291,1472,9
965,1032,6
520,1264,5
63,1300,9
10,816,5
196,996,3
533,651,9
1342,1467,3
622,1522,2
503,1457,3
9,1431,7
16,892,5
1022,1102,10
453,907,7
639,846,4
214,1307,5
683,1349,6
27,878,9
249,300,10
948,1317,2
90,1433,5
52,514,6
692,1029,5
90,352,8
1097,1349,6
23,295,4
849,861,1
988,1515,4
276,679,8
176,213,7
604,808,3
1375,1408,9
915,1158,3
588,650,1
397,1091,8
953,1518,3
417,1502,1
297,1509,9
100,1226,7
501,1039,8
94,1462,3
988,1046,9
704,1018,8
66,1562,6
163,1549,2
685,1219,4
236,1082,4
512,1586,6
317,1559,3
140,777,7
25,600,10
650,1486,9
16,801,5
798,1324,9
743,928,8
499,1561,4
16,1523,7
271,613,9
976,1226,3
172,1543,6
663,1541,8
885,1005,2
1155,1595,8
969,1132,2
259,875,8
198,482,1
208,863,2
793,957,5
42,1276,4
546,556,3
236,565,1
687,1439,4
69,525,7
1086,1248,3
77,497,10
185,484,7
872,1252,10
407,1115,4
737,1004,7
555,1143,1
310,474,5
467,1024,6
132,1014,6
11,459,8
781,909,1
755,1521,3
390,1540,3
748,1213,9
850,1378,4
772,1555,8
638,704,6
1016,1591,10
234,644,5
808,966,1
155,1040,8
75,652,4
498,956,7
363,775,8
569,613,8
390,1093,6
172,968,5
8,203,10
684,1038,9
164,890,6
405,517,6
1004,1586,9
423,823,10
758,845,2
933,1286,5
285,1444,10
59,861,4
85,106,6
9,1215,8
449,927,3
251,1463,3
215,1430,2
19,312,9
916,1029,5
1047,1079,8
1085,1366,5
532,959,8
100,643,8
493,1505,5
802,1478,2
25,947,10
849,1129,5
1451,1510,3
1085,1469,2
318,823,2
419,752,1
199,420,4
7,882,10
139,1229,6
36,1146,6
623,1136,4
38,660,7
437,841,7
766,1593,3
1085,1169,7
396,1299,9
659,1318,9
202,1579,6
878,1152,8
464,930,5
172,446,1
335,561,7
47,357,1
530,1243,8
5,456,6
378,915,10
197,731,4
554,716,7
424,1039,10
311,667,9
206,1465,10
387,1172,8
306,559,7
392,510,4
1024,1114,4
181,292,1
125,1491,1
37,621,6
1395,1461,5
215,1572,2
213,1503,10
1015,1469,3
814,1164,9
740,1527,10
148,1001,9
985,1379,8
439,1244,5
1032,1562,8
38,953,10
152,352,5
256,696,6
192,895,5
714,992,9
339,488,1
256,1533,3
125,1397,1
602,1194,3
298,864,4
1257,1528,10
976,1304,10
625,1245,3
1179,1356,10
329,1158,10
863,1245,1
785,1213,9
614,1103,3
22,1176,7
754,1556,3
575,1387,4
108,931,3
330,708,4
1013,1206,5
271,676,9
30,316,4
1161,1596,4
1022,1137,4
1069,1238,4
678,1223,2
638,1344,4
168,1569,2
310,1123,8
238,1145,5
563,1414,6
1020,1320,2
363,486,3
62,1011,6
228,1330,7
139,632,6
1085,1481,3
1098,1165,5
1030,1491,9
354,475,5
820,1002,7
1257,1454,3
796,1046,1
360,1060,5
282,309,6
75,1521,7
264,846,1
345,790,5
803,1318,2
572,814,3
574,1211,6
379,1432,3
408,700,6
130,1278,2
564,658,1
339,778,4
479,1591,9
332,1399,1
1440,1593,5
70,713,10
502,1090,3
151,642,9
906,1538,5
358,727,1
1536,1574,3
47,324,8
292,1517,1
1185,1223,5
15,270,10
349,1448,3
418,1123,4
367,571,4
129,599,10
450,461,6
48,1456,1
199,324,1
790,1012,8
481,821,4
468,1047,4
383,1262,8
1029,1277,8
523,1095,3
384,1479,2
297,493,7
303,1286,3
645,724,3
20,1124,4
934,1304,5
284,1543,3
453,1559,3
903,1333,6
817,1103,1
575,859,8
1060,1326,8
741,1519,9
219,603,6
248,528,8
828,927,7
1289,1416,10
66,1330,1
742,1404,5
731,1140,4
381,1253,7
14,629,6
224,1331,6
304,725,5
380,1552,10
265,1212,10
398,985,8
35,385,2
240,717,1
965,1025,8
325,1125,6
95,113,9
1134,1206,3
425,1567,4
283,1188,6
1115,1273,8
211,737,3
672,1265,7
467,1360,2
886,1375,5
958,1553,7
872,1124,6
111,1548,5
307,1293,5
183,742,3
232,986,2
187,1243,5
33,1167,6
10,1131,8
541,1211,8
87,526,4
150,1079,4
751,922,9
470,1052,6
410,1540,7
990,1070,8
18,1296,9
543,1558,10
584,1416,2
120,1488,5
282,1098,8
1267,1412,5
352,1590,4
89,931,1
227,577,7
1226,1351,8
1168,1268,10
609,1205,8
268,1519,5
20,1471,3
1028,1232,1
104,730,10
294,1394,8
1134,1390,3
452,739,3
256,774,1
701,1253,8
232,1353,4
221,998,4
280,1349,5
373,1279,7
335,338,9
11,400,1
499,1355,10
580,1109,4
1055,1189,6
329,1272,7
867,1133,2
261,1444,9
1043,1499,1
351,442,7
1064,1129,9
948,1517,1
228,691,2
268,1491,1
431,964,9
375,1005,5
224,1514,6
13,515,7
758,1204,10
330,375,3
278,521,1
675,800,6
281,709,2
12,822,10
837,969,8
417,727,5
775,1132,6
126,1162,3
854,1397,8
26,942,8
630,938,5
57,1444,7
441,1427,4
157,1258,10
939,1190,4
460,1208,8
190,479,5
696,1209,10
291,730,9
698,1088,4
172,1217,3
325,975,1
494,872,1
121,1284,1
693,955,10
43,1564,9
955,1489,7
78,1461,7
1166,1553,5
837,1200,9
1277,1284,1
1067,1266,9
1501,1530,4
692,980,4
365,1351,1
464,1047,3
632,701,7
330,857,4
107,592,9
235,859,4
1185,1535,1
899,1546,10
385,975,5
460,1069,10
926,977,2
480,1140,9
771,1289,8
593,922,1
611,894,4
486,1592,3
974,1395,2
250,988,8
839,1466,3
5,1064,6
16,732,5
1060,1490,1
377,480,5
333,918,2
159,1095,6
344,907,1
646,1435,7
638,921,1
1058,1360,7
228,700,3
300,1150,1
246,1050,2
420,1276,7
512,690,10
308,831,7
850,1049,1
699,1370,4
260,1375,2
208,967,5
244,741,3
1182,1563,8
107,1204,2
1124,1252,10
253,927,1
73,1053,9
1013,1036,5
389,1594,1
907,1088,1
155,1225,5
845,849,4
101,794,9
170,891,8
216,401,9
153,562,7
734,770,4
9,880,8
108,864,4
394,852,1
201,1109,10
899,1417,9
24,1096,7
111,817,1
240,506,4
1239,1301,10
497,1093,1
82,1571,4
772,1491,7
51,620,5
612,1435,2
1106,1468,5
192,658,4
461,1223,10
29,1476,5
264,1443,8
85,646,3
965,1125,8
355,1225,8
839,1215,2
595,1173,1
755,1321,8
288,432,3
87,902,6
511,587,7
895,1256,5
900,1372,8
163,1359,9
485,1182,2
271,796,4
678,898,8
1166,1267,4
417,782,3
69,762,4
353,1383,6
62,1544,2
1121,1394,5
199,1274,3
83,367,6
855,1088,6
42,656,7
61,617,3
143,255,6
94,463,6
347,838,4
677,1150,6
406,1098,3
329,629,7
740,1096,8
117,954,3
739,859,6
809,1542,9
97,1447,7
445,1122,3
2,541,4
974,1184,6
1244,1333,5
816,883,8
242,1539,1
1108,1458,3
126,1497,2
122,143,9
154,1058,4
33,788,3
226,801,8
286,1327,10
78,1102,10
1405,1553,9
68,241,1
1316,1514,9
640,1227,3
60,1394,1
1099,1426,1
499,933,6
996,1192,6
1237,1370,4
437,1589,5
427,894,6
571,637,4
198,1558,5
60,730,3
1105,1247,6
687,778,8
87,659,1
290,1366,7
322,949,9
335,1285,1
354,807,4
348,1435,2
998,1025,6
109,165,7
322,1349,1
252,1136,6
612,1542,1
24,103,6
440,1599,3
333,1520,4
237,316,9
182,1597,2
688,1001,7
450,623,8
120,513,9
258,848,2
807,1015,7
714,930,3
764,1371,2
390,469,1
986,1233,10
69,378,4
1049,1237,2
976,1214,2
293,1029,2
399,862,5
298,1529,4
111,223,4
1211,1229,4
528,557,4
501,824,4
342,605,3
244,1519,2
103,1386,5
429,733,6
149,344,6
187,971,1
457,1371,3
293,610,9
457,1080,1
23,116,10
136,371,9
1304,1541,4
51,880,10
1075,1489,3
937,953,9
119,1103,1
844,947,6
18,865,6
26,422,3
981,1243,1
1093,1271,10
963,1514,2
365,398,6
694,1156,5
865,1187,5
221,872,8
213,1593,4
286,705,8
426,581,3
63,151,10
37,401,2
492,1299,5
656,1296,7
297,951,8
1192,1563,2
799,1457,2
451,542,10
1261,1597,9
5,482,7
150,606,1
183,304,7
491,769,5
351,870,7
971,1439,8
87,1051,5
424,961,6
153,819,1
152,943,10
901,1069,1
649,1189,10
1413,1431,4
345,1425,6
429,1397,7
1541,1562,6
949,1277,6
448,1531,3
266,307,3
1243,1421,10
552,1284,7
278,1019,3
820,873,8
321,1109,1
431,802,6
925,1580,5
1272,1595,9
919,1477,4
1102,1252,4
89,903,6
1005,1573,6
468,1600,2
888,1162,10
726,1431,8
185,705,8
401,1462,5
590,860,3
14,933,3
1140,1551,1
790,863,4
762,1353,8
261,527,8
73,879,3
359,1075,8
570,1554,2
139,1363,4
94,1221,5
51,689,4
1058,1512,9
100,1505,6
192,471,6
70,573,9
73,1028,4
36,1337,8
866,1215,4
599,746,9
477,1554,4
971,1588,10
507,1199,1
915,921,7
1133,1229,2
225,1064,9
436,1259,9
848,1470,5
818,1349,4
352,647,3
204,1457,9
1085,1369,7
998,1290,4
303,677,4
556,1145,8
137,608,9
163,997,7
455,1365,7
583,1084,3
284,1069,7
784,1107,7
225,466,1
150,707,10
427,748,8
319,1431,7
1237,1415,5
1459,1526,7
176,1190,8
937,1020,6
446,502,9
18,703,5
1342,1491,2
93,115,4
402,1374,4
897,1213,6
1068,1141,10
189,1556,9
963,1056,8
269,1512,1
392,631,5
299,1590,5
570,1498,3
304,1125,2
641,734,1
294,301,7
715,1558,3
386,500,7
663,793,6
1323,1553,8
1389,1522,10
834,1047,5
915,1087,5
391,853,1
2,749,5
230,1281,6
95,189,4
550,846,10
742,1584,10
310,728,10
767,1481,7
616,681,1
1265,1431,6
41,1036,8
98,1178,2
603,1034,4
468,1424,4
802,845,8
828,1498,9
635,750,2
1266,1518,9
316,709,5
203,1577,8
814,937,5
767,1155,4
552,1467,7
439,862,9
81,1165,1
691,1397,2
969,1028,5
815,1487,2
927,1347,6
269,1486,6
71,1223,6
1223,1536,9
16,861,4
737,1344,1
384,870,1
725,1516,7
70,383,8
624,1198,3
66,304,7
373,1357,3
355,1447,8
118,1495,2
329,1152,2
480,1278,2
727,1222,10
500,592,7
13,67,1
487,762,4
651,1418,4
182,533,4
565,693,3
125,349,7
890,1019,2
504,1363,9
756,1097,8
1057,1165,2
432,915,8
869,974,5
616,705,9
313,652,8
708,779,5
93,797,6
1362,1562,3
499,667,1
5,1380,9
311,845,3
138,1055,4
51,345,8
267,685,7
125,1250,2
612,1266,6
291,550,1
608,1239,7
243,1237,1
548,787,5
1132,1213,10
675,1578,1
221,1077,1
686,1296,7
756,1565,5
840,1505,6
181,490,3
267,1357,5
986,1109,3
250,538,7
359,1078,9
221,1038,1
1238,1597,2
20,1569,2
999,1215,2
431,1564,8
103,569,7
218,772,4
321,682,9
639,1223,6
1296,1507,6
22,745,7
797,1211,1
1246,1350,5
1228,1523,9
943,1358,4
913,1343,8
583,758,8
276,916,8
944,1191,7
199,1218,1
86,850,2
1194,1322,3
1089,1593,5
894,1303,4
680,1316,6
231,243,6
572,1068,8
734,1498,9
625,910,8
13,521,7
263,1013,1
877,1180,4
616,994,2
63,876,2
301,639,5
85,862,1
316,858,2
244,1091,9
1354,1406,3
33,864,2
856,1101,8
968,1493,10
258,870,6
244,1533,1
37,1202,1
935,1519,8
694,913,6
605,1563,10
581,983,9
142,590,6
91,530,7
36,1557,6
1390,1483,8
1319,1466,5
371,782,3
101,596,6
762,1246,10
740,1519,3
1137,1146,6
312,567,5
451,1257,3
649,1501,10
229,604,10
407,1417,4
977,1553,4
1305,1531,8
491,1373,2
227,742,9
244,784,1
972,1384,5
566,1321,4
376,1420,7
1124,1519,6
623,1248,5
1011,1163,3
528,708,6
695,1172,3
138,271,10
145,596,7
477,740,10
173,751,7
364,728,8
1330,1377,9
116,213,6
410,875,10
412,1126,2
604,1161,5
56,540,1
795,1327,2
57,1280,3
719,1519,5
99,1511,4
620,1050,3
1050,1427,2
169,614,1
619,976,4
366,582,8
445,861,8
809,1301,7
7,843,9
166,527,2
25,1151,7
901,1436,6
391,787,5
415,423,2
558,1004,6
83,1095,2
567,1527,7
956,1313,2
232,622,5
30,1439,9
300,1382,6
101,1455,9
515,1374,9
270,1440,5
972,1145,2
131,510,2
129,1144,7
662,956,6
280,749,4
439,610,10
56,997,10
728,1160,10
81,1055,8
106,880,9
571,1067,8
208,260,9
1315,1373,7
664,1397,10
20,1517,1
199,260,3
36,1087,7
752,1362,2
388,843,3
423,1440,5
489,1382,2
68,183,7
202,1253,10
1233,1398,3
579,1305,3
962,1157,2
264,816,2
956,1373,10
481,1559,6
149,1148,4
155,676,6
410,856,7
1159,1539,7
250,262,9
944,1436,1
292,383,1
786,1345,3
27,598,4
871,1066,6
1214,1225,9
121,1405,6
86,837,2
926,1066,3
1204,1206,4
448,1056,6
63,469,6
399,1096,1
276,843,2
826,1455,9
561,1080,9
34,887,4
150,1256,1
891,1506,10
123,644,1
479,1271,4
554,896,6
1445,1569,2
794,941,9
539,742,6
441,660,7
276,596,9
175,1557,1
363,751,6
821,1461,2
16,371,10
600,1529,4
366,797,4
514,549,1
828,1206,1
504,660,5
389,601,2
953,1572,7
148,1466,10
327,1487,8
683,1261,8
777,1127,6
385,481,2
759,933,8
640,1492,6
589,697,5
692,1504,3
343,720,5
533,1529,9
59,527,7
1345,1487,10
379,399,1
1208,1246,10
581,650,2
315,876,2
470,814,3
162,550,10
347,1301,10
315,706,3
711,1498,9
120,1420,7
78,1580,8
1335,1401,7
705,1060,4
997,1394,9
399,791,3
597,1139,7
465,1526,9
1049,1409,3
4,555,1
561,595,3
381,1204,8
195,1096,8
102,587,4
669,1200,6
623,1083,5
1487,1552,4
361,628,3
337,1237,4
1222,1595,3
1171,1204,5
382,822,1
166,288,3
18,140,6
156,1155,7
437,1300,4
360,1389,6
771,1157,2
8,996,6
952,1103,3
483,810,7
694,874,10
225,566,2
659,788,2
908,1566,4
105,1442,5
698,808,2
229,632,2
176,1241,3
900,1476,1
360,676,6
1144,1342,7
362,591,5
853,1365,3
788,1422,9
171,224,10
308,642,10
337,1147,3
853,1104,4
505,1187,5
1052,1476,3
303,864,7
65,1303,4
179,820,8
672,937,3
78,584,8
693,1195,2
805,833,7
609,1142,9
887,935,5
1410,1551,2
453,1283,8
31,185,1
551,1382,9
293,623,10
411,641,6
904,1321,8
78,1072,6
302,536,7
1549,1592,2
790,1411,3
569,841,2
395,668,9
119,624,9
474,874,9
206,1552,9
1430,1459,5
306,466,2
149,1021,8
829,834,6
607,705,9
294,1425,2
762,793,3
313,812,5
1136,1394,5
14,1188,4
477,1300,4
334,1336,4
318,1072,3
117,1229,1
246,301,10
135,1489,2
1537,1596,4
543,1394,10
248,1037,9
237,755,7
27,1264,1
476,975,3
1535,1588,9
138,818,10
173,636,6
1042,1493,3
555,1054,3
361,383,4
139,1227,2
959,1074,6
90,1255,8
522,1100,3
375,450,8
1036,1404,8
239,606,1
8,827,9
351,1196,9
653,1405,6
523,1594,9
268,820,10
24,906,10
1169,1379,8
797,928,8
1024,1035,6
413,1400,10
793,850,10
173,384,2
659,1533,4
648,716,3
565,1256,4
1403,1549,2
878,1600,1
1201,1388,3
603,612,5
616,1002,7
334,637,6
106,1081,10
704,1594,8
261,545,10
668,1346,9
750,1132,10
1057,1577,8
980,1442,10
329,1255,9
432,1231,3
593,1438,1
945,994,3
674,744,2
649,1332,9
1286,1576,4
654,1478,2
557,1188,5
230,1058,9
614,897,8
897,1549,2
647,1044,9
930,1033,2
932,1034,6
886,999,7
886,1143,4
25,826,7
844,1317,5
195,563,9
500,564,6
769,1419,7
19,1141,2
793,859,7
755,1348,6
450,1438,8
775,952,10
20,548,3
560,579,7
1055,1466,7
228,1108,2
373,1456,10
455,1546,7
260,1356,2
535,1546,10
598,1175,10
1347,1448,9
260,1576,6
383,1105,4
1278,1568,10
1025,1074,4
778,819,4
932,1333,4
523,580,4
772,965,1
426,1166,10
548,912,4
979,1316,6
118,922,10
237,1293,2
505,524,1
993,1493,6
770,1564,7
697,1555,4
524,923,5
1351,1515,8
198,866,4
304,1028,9
546,901,8
149,274,6
483,1482,8
710,1341,9
379,400,2
462,1211,5
131,1042,6
39,96,5
216,248,6
217,1264,7
146,180,4
188,422,5
238,1090,1
141,280,6
1040,1556,4
384,1225,6
196,1089,5
92,1470,3
179,1084,6
5,426,4
413,806,1
927,1425,9
703,1521,10
1306,1555,6
1413,1497,7
1166,1223,7
1026,1308,3
327,581,10
673,987,3
139,313,8
511,665,10
769,1254,3
623,1344,1
641,1528,1
680,981,2
1249,1315,2
692,1376,4
204,1143,10
239,936,8
38,370,6
672,1067,2
958,1044,6
285,513,4
811,1015,4
406,695,5
792,1198,5
325,1348,5
255,1178,10
676,1093,2
847,1187,10
109,832,7
486,1387,6
830,1058,10
652,1269,7
164,1434,3
120,695,3
590,816,5
78,612,5
101,653,10
652,1541,2
800,1065,5
431,761,5
552,809,2
19,113,5
47,1033,9
259,1280,7
665,838,1
535,935,3
353,635,6
769,1228,5
218,452,10
752,870,6
823,868,3
160,1413,3
1335,1579,9
522,893,5
674,1406,10
926,1095,7
993,1027,1
891,1364,9
22,856,5
435,1088,8
304,966,3
205,562,8
235,530,5
182,982,7
294,797,4
1042,1309,2
378,431,1
1014,1183,5
994,1119,9
1173,1408,9
94,340,2
250,731,3
1047,1365,3
632,1416,7
77,1203,6
103,1437,6
791,1206,9
732,812,8
214,1468,8
415,1222,3
950,985,5
148,765,7
706,1337,10
725,1434,7
49,1062,1
724,822,9
742,946,5
643,1176,1
208,1426,7
32,1166,6
431,970,10
548,687,2
780,1203,7
955,1501,8
173,179,10
122,152,5
726,1077,5
508,1270,2
890,1291,6
1200,1393,2
190,877,9
192,1273,3
968,1099,2
380,1309,10
473,1544,1
536,1006,3
93,1129,6
299,780,9
41,1290,4
647,868,2
333,1556,7
1045,1497,10
538,1473,7
768,1405,1
402,589,8
245,965,1
613,1386,2
240,256,1
282,1000,4
28,481,10
581,952,2
908,1306,3
143,684,4
436,472,5
490,1119,5
379,1372,3
140,1433,5
152,1123,9
244,276,3
630,1235,6
58,1414,6
908,1466,4
838,896,5
1384,1448,9
322,612,4
833,1284,7
744,876,3
203,504,10
743,1357,3
937,1107,3
4,168,5
48,1337,2
99,252,10
25,610,3
145,349,5
657,941,4
242,1310,8
142,1339,8
361,879,6
12,446,9
113,212,4
59,1138,2
1419,1568,9
965,1112,8
523,881,10
229,1012,1
1026,1091,6
1447,1475,9
748,959,2
163,452,3
180,914,9
325,606,3
70,1515,6
135,733,6
682,1139,1
287,1269,2
429,898,10
380,1464,1
959,1102,5
1134,1503,5
38,477,1
817,1414,10
336,701,7
705,1597,4
693,1487,4
175,487,4
378,1134,8
932,938,5
260,1231,4
4,1132,8
82,363,5
107,189,1
422,698,6
771,1536,4
644,1446,6
1420,1475,6
253,1314,6
1163,1164,6
226,393,1
156,454,7
706,1591,3
280,1301,3
709,839,7
450,800,7
1246,1343,4
541,752,5
471,712,9
1244,1340,10
175,1352,1
170,409,6
1130,1440,3
400,1539,1
593,854,3
414,1513,3
136,1212,2
746,749,2
43,1555,10
235,893,9
118,352,7
462,675,6
289,704,2
741,1399,1
475,738,4
1187,1244,6
1070,1529,1
1161,1275,8
640,1199,8
1005,1559,6
487,1509,1
201,1311,2
164,289,2
725,1263,10
347,892,3
175,1204,10
1413,1558,7
991,1262,4
768,1215,10
297,982,4
325,1157,5
679,935,6
610,1066,8
245,1034,7
280,537,9
194,1495,1
1203,1308,3
820,1564,2
430,1349,8
1514,1518,5
315,777,6
926,1573,4
498,681,6
454,1316,1
352,593,10
751,1266,7
325,671,6
114,652,2
274,618,7
283,567,5
90,1104,2
811,1584,6
470,1058,10
8,1529,5
473,707,5
234,250,10
138,1401,5
127,1152,1
663,1109,4
116,236,2
350,802,8
290,1245,9
29,1593,10
260,1004,1
246,986,1
247,1157,1
834,1525,6
599,871,8
1197,1300,9
873,1287,10
307,1078,5
1020,1532,6
301,720,9
925,1030,2
1240,1417,2
790,1387,9
223,915,3
277,1171,5
911,1256,7
522,898,10
689,1462,6
1263,1434,5
670,1007,7
55,358,4
1082,1417,7
894,1439,6
250,1342,7
619,1169,4
584,947,3
217,618,9
669,1438,1
169,384,7
596,1250,10
1293,1296,3
543,663,6
423,1539,6
49,1162,2
1226,1322,10
459,1107,7
35,803,3
351,1289,1
214,825,3
308,631,4
29,954,9
1366,1507,5
744,987,10
396,1075,3
1156,1203,6
1186,1284,5
662,1102,6
807,912,6
722,1015,8
880,1207,2
91,1492,5
123,138,5
437,1482,7
668,701,9
74,1280,5
1235,1595,3
201,626,1
280,802,3
330,1239,5
1087,1229,2
142,694,6
314,1360,3
866,1318,7
948,1354,1
1190,1458,6
416,450,5
727,947,6
1366,1416,10
568,975,7
402,859,2
1217,1445,6
715,995,3
818,1205,7
969,1301,4
330,994,2
236,1004,3
1349,1561,4
412,556,10
1186,1396,1
915,1055,8
563,776,3
956,1112,2
697,1486,4
736,1525,2
44,1152,2
334,604,4
483,1321,4
562,1250,1
351,885,4
124,171,10
680,756,1
340,980,6
207,279,6
794,980,10
926,1533,9
325,601,2
779,1466,9
528,760,8
689,1507,2
114,1342,6
1020,1460,7
115,886,1
443,829,7
135,583,3
40,1014,7
519,643,9
695,1261,9
753,1267,2
557,1083,3
413,1391,4
184,616,6
1074,1477,6
730,1103,10
615,1252,1
32,679,5
7,245,8
753,1355,10
47,232,3
1037,1411,5
935,1544,6
89,1035,10
641,1003,2
336,802,2
1485,1543,1
307,678,4
438,706,9
1500,1523,6
95,1336,2
1187,1393,9
266,451,9
1060,1256,10
2,1157,1
224,1031,9
818,1466,9
1270,1328,10
387,732,7
371,1311,6
48,60,4
541,1280,2
477,837,1
969,1076,9
64,566,6
486,1156,6
164,236,3
1171,1371,1
483,597,4
245,1515,5
1124,1529,2
205,608,6
1351,1508,2
260,1054,9
993,1151,4
87,1288,8
94,1597,6
675,1384,6
384,1194,4
973,1374,7
493,1150,2
484,1550,1
171,655,10
536,1153,9
219,704,3
1162,1260,2
172,606,10
458,1132,7
668,897,3
130,269,7
55,1346,2
386,1186,8
699,1045,2
74,1190,5
159,1087,2
407,1225,6
1296,1421,7
975,1241,4
987,1442,3
687,1536,3
1241,1330,8
366,1157,3
713,1521,5
234,1418,6
436,1026,2
814,906,3
794,1365,3
855,1544,7
22,645,9
816,979,5
284,1510,2
214,1318,4
441,1226,4
910,1438,9
487,1569,10
214,435,9
102,1417,9
599,803,10
493,1397,10
172,948,5
578,873,4
265,1267,3
156,1336,8
78,932,3
237,941,8
362,1105,7
1080,1203,5
830,1074,10
1033,1257,3
68,778,10
994,1337,3
229,329,6
1279,1372,6
455,1156,3
43,150,9
1065,1496,10
375,1539,4
375,1151,1
760,1419,7
1460,1522,1
293,855,1
781,860,1
405,1114,1
224,759,9
352,507,8
1209,1330,1
1073,1278,4
402,954,7
485,693,2
363,1044,7
715,1138,7
1163,1276,7
2,1473,2
333,512,8
246,779,5
495,1397,10
112,720,5
1045,1109,8
524,1250,2
131,1129,8
865,1247,9
128,1443,10
71,627,4
490,601,4
16,1599,3
1300,1559,3
165,1280,6
146,736,2
1057,1324,2
1398,1467,4
489,1023,10
1231,1380,10
579,1086,10
611,799,5
776,1549,4
13,938,4
504,1509,10
651,1493,1
279,1206,4
492,1524,2
451,686,2
400,841,9
847,1393,1
571,804,9
1,1045,2
9,1337,9
80,198,8
1048,1372,3
578,776,8
393,1034,10
409,724,8
374,1344,10
318,1383,9
315,679,3
141,895,3
192,1595,1
140,190,5
599,1318,2
120,824,9
468,1062,1
210,1376,1
565,727,10
265,1469,4
306,1005,10
41,468,4
862,1172,10
50,1095,1
957,988,9
228,1439,3
588,842,8
225,957,5
683,763,9
882,1259,7
165,1174,7
506,1082,7
107,131,8
1239,1470,6
240,1314,9
567,573,3
800,1588,1
968,1091,8
491,910,2
442,1093,4
1152,1404,6
671,1419,8
443,695,6
327,1492,8
268,526,3
268,1376,7
451,1018,8
185,609,9
761,773,5
597,751,1
329,810,4
241,915,4
375,1472,5
295,654,1
753,917,1
687,840,7
19,1444,7
323,913,5
872,1087,5
961,1404,4
228,918,2
139,279,3
807,1150,6
509,1081,3
537,1016,9
986,1590,8
863,1391,1
404,616,2
230,416,8
490,644,2
319,849,8
494,517,9
573,837,5
133,775,8
396,1525,8
400,630,9
347,1431,1
685,1233,6
650,1205,4
910,1331,9
710,1578,1
283,646,6
207,795,8
506,886,4
186,369,4
786,865,4
279,1504,6
324,356,1
595,1348,7
1129,1517,8
657,1319,5
954,1527,7
755,1486,9
761,1538,7
75,408,8
459,872,7
1020,1050,5
254,1267,10
415,1450,1
301,482,1
569,1477,1
1045,1192,6
807,1245,7
1315,1332,10
913,1092,1
162,1588,5
83,220,4
1200,1366,5
111,579,9
751,975,3
199,390,1
941,1576,9
293,1571,8
369,879,2
44,471,2
935,1190,9
595,1352,3
742,1281,9
633,942,4
763,1396,9
106,1247,3
877,1450,8
666,952,7
445,1437,3
1006,1587,5
348,763,5
333,429,9
508,732,1
89,448,7
282,1307,5
333,642,1
911,972,1
317,530,9
837,1170,9
798,912,2
192,1385,4
183,401,3
199,1444,6
111,1112,7
117,495,10
4,860,6
362,955,2
1070,1376,3
1249,1367,5
432,1455,7
646,662,2
611,1336,9
1209,1427,1
130,340,4
599,678,4
592,770,9
903,1294,2
17,873,5
573,628,3
48,1236,3
1006,1262,1
298,1408,6
150,1339,9
285,286,3
818,1352,3
222,1114,8
347,1375,2
50,1510,5
310,1098,1
1094,1117,4
292,1452,10
390,875,4
549,752,7
1011,1137,9
471,1406,3
477,735,2
850,1405,4
90,154,7
1350,1379,8
899,1454,10
431,443,3
1132,1437,8
1278,1357,7
75,784,2
126,1525,6
341,580,3
706,1126,6
284,1134,3
474,1251,1
344,831,3
434,1329,10
813,1121,2
190,1172,5
284,418,8
480,990,10
637,1496,7
909,1588,6
753,1148,4
958,1583,7
494,650,2
264,1176,10
95,1183,5
222,655,10
593,1365,10
172,351,4
157,782,7
10,347,1
331,827,6
132,250,5
668,1433,10
1019,1061,1
164,243,1
550,824,2
38,618,4
942,1275,4
1276,1302,6
246,907,1
551,1401,9
105,891,6
1297,1538,6
950,1018,7
761,1377,10
1323,1435,4
862,1541,5
1050,1460,6
65,281,7
1159,1497,1
447,1402,10
787,1540,1
618,851,8
1233,1542,6
425,757,1
272,1048,8
231,912,10
50,406,2
459,1311,4
680,873,8
128,417,2
503,1377,1
563,592,2
370,1141,9
33,426,10
632,663,8
1010,1337,5
980,1106,8
58,534,5
236,589,3
286,715,7
11,1428,7
27,1379,7
879,1520,9
543,1042,10
333,1374,8
1043,1103,10
31,1170,4
918,932,8
346,449,3
248,580,2
95,1485,10
599,1340,10
212,1133,4
150,550,4
186,214,2
763,1576,1
485,969,10
229,743,6
567,623,8
44,247,3
113,1325,2
1169,1396,4
75,946,1
343,1441,5
661,1093,2
264,350,8
598,766,5
1079,1120,10
839,1131,6
494,903,4
801,940,6
1325,1461,4
298,1448,1
1111,1594,7
1356,1420,10
491,1423,8
288,551,2
255,929,8
281,876,10
1500,1544,1
787,1382,1
1231,1584,2
739,1198,5
542,560,6
450,1394,9
1111,1215,3
633,1270,5
484,939,5
925,1245,4
169,919,5
1200,1376,4
436,842,4
1304,1437,8
435,613,5
104,1392,6
569,1259,8
180,216,9
424,441,3
363,444,10
712,1180,8
706,1395,3
135,1578,9
346,867,9
214,632,3
176,854,4
296,1432,7
905,1370,5
10,375,5
636,735,5
642,1398,8
655,1387,6
55,222,10
891,1500,5
200,923,8
498,942,7
637,718,10
385,410,4
154,1103,7
1388,1524,5
912,1080,6
1071,1367,4
17,1086,8
258,1271,5
474,493,9
844,1393,3
1032,1568,3
329,1579,9
741,996,1
244,1482,6
147,472,6
558,1409,3
1098,1139,5
66,142,6
838,966,3
358,628,4
36,820,8
702,942,7
201,1519,4
908,1122,1
687,1580,3
1266,1520,10
1001,1421,6
310,656,1
221,1039,6
353,988,8
223,1138,3
285,677,5
583,1122,8
134,1163,6
1035,1180,1
737,1513,5
666,761,3
138,239,4
95,1562,8
874,1026,8
401,1363,7
568,669,8
90,1397,2
1273,1571,1
303,1583,10
713,1515,9
547,1466,7
571,1595,8
424,1002,7
537,751,3
194,1387,3
605,1536,6
875,1248,5
311,1334,6
66,1314,1
905,1340,5
282,335,2
671,1593,8
998,1363,8
209,1526,7
755,848,7
532,1173,9
248,1585,7
415,1188,1
173,546,1
637,1216,1
158,748,1
151,900,10
474,1052,2
953,1505,10
92,97,10
740,1577,10
303,540,7
388,582,2
650,1451,2
476,1354,5
1191,1284,7
521,1094,4
616,1552,7
279,902,8
611,1553,5
875,1168,3
319,984,5
150,1074,1
198,1110,4
1090,1322,4
476,865,2
181,1330,6
6,686,10
233,877,10
613,824,5
309,996,2
604,1478,8
39,637,6
1005,1080,5
161,1461,3
1093,1461,1
416,466,6
949,1578,4
491,1487,4
1265,1360,4
536,838,9
472,1083,2
266,695,8
460,1024,3
141,163,8
413,479,10
221,1372,4
549,1577,3
161,659,10
1232,1588,7
1262,1454,5
996,1265,3
908,926,6
703,1236,3
190,1221,1
575,686,2
4,1338,4
13,804,8
11,720,6
1571,1587,5
1012,1389,10
30,202,3
73,702,1
360,701,3
1140,1574,10
257,437,5
53,1006,10
432,460,7
625,1242,6
312,1098,8
357,862,10
804,1215,7
299,1113,8
229,538,1
16,844,7
313,1367,6
510,1129,2
737,1273,6
224,1363,1
1069,1196,1
805,806,8
32,271,5
427,1236,1
468,745,5
432,1141,2
855,1525,5
1472,1563,6
468,1599,7
387,1116,5
72,1410,9
202,304,4
70,1297,4
434,1510,7
129,868,9
1058,1465,10
849,1495,3
222,1539,6
731,1498,9
481,1292,8
796,1003,6
299,663,7
245,416,3
757,1312,7
600,1412,8
473,1088,6
430,954,4
124,1101,3
341,787,6
147,812,7
1162,1316,3
65,747,3
837,915,5
638,681,2
1149,1363,3
497,1392,4
152,1294,2
762,1226,3
414,1143,1
286,605,4
994,1540,3
301,509,6
229,1221,3
933,1159,3
90,626,7
794,1126,2
288,453,5
463,1428,4
330,1553,7
526,1145,3
360,830,2
77,598,1
222,366,8
387,796,10
490,862,6
547,830,5
227,491,6
520,1518,6
674,1328,10
68,641,3
475,894,10
1172,1173,8
559,1059,7
400,1304,3
10,907,4
828,1044,8
1012,1292,4
268,1588,8
477,1037,1
1001,1260,6
1077,1392,7
211,1237,10
301,1320,5
1086,1306,4
650,946,7
1172,1216,10
922,1464,4
72,1200,2
373,1314,4
325,605,10
332,1352,3
863,1564,1
455,520,9
215,639,5
262,1359,4
1181,1434,3
674,1145,1
128,632,10
1132,1232,2
1097,1567,9
1279,1587,4
832,1242,2
437,497,10
8,608,10
290,1367,9
46,1255,2
942,1100,7
10,618,8
287,1001,6
197,1169,5
790,911,8
1296,1488,2
935,1502,3
688,1498,5
534,1254,5
906,1160,9
159,1484,1
203,1176,4
709,1557,3
1277,1344,6
230,1518,6
342,1118,6
398,947,1
239,1110,4
60,98,8
612,654,3
168,489,4
851,1381,3
337,718,1
119,1579,7
432,1251,1
431,1516,2
429,575,3
35,159,7
8,1383,8
253,1100,7
68,1193,2
644,1534,6
594,1515,5
280,1201,2
1277,1512,10
241,385,5
90,1071,4
29,1423,9
836,998,2
158,324,5
217,1069,4
797,805,9
998,1295,2
1056,1579,7
1556,1574,8
167,756,2
360,463,7
564,1517,7
84,1331,7
653,842,1
881,1562,5
375,1419,1
188,732,4
127,187,3
313,1511,7
35,1379,3
1265,1461,2
846,870,2
646,745,10
925,1255,10
369,503,9
475,722,9
808,1126,8
130,475,3
888,1427,5
898,1330,9
633,894,6
1057,1092,9
774,1197,4
641,857,3
1298,1364,6
696,1287,10
1356,1400,8
425,1099,1
66,935,4
273,485,10
799,1058,1
559,1358,6
208,1284,6
33,39,1
68,590,1
75,1041,3
184,1255,4
144,469,3
368,712,6
46,194,2
1041,1386,7
757,916,8
852,1519,6
471,936,6
572,1284,9
101,756,2
1065,1578,2
218,439,4
896,1244,2
644,737,7
539,935,10
506,1416,5
990,1296,4
148,1479,4
449,698,7
1222,1506,7
381,980,4
1135,1465,3
48,222,9
1288,1338,5
166,494,3
1553,1582,4
72,346,9
20,50,5
98,677,2
790,1595,10
79,695,3
177,1188,1
557,1256,3
106,1066,1
58,1234,4
131,1460,5
1177,1292,5
455,1132,7
337,1417,9
409,1570,2
939,1401,10
787,1118,10
1315,1541,2
81,568,1
151,1038,1
1283,1552,6
290,1428,8
89,1302,3
484,1042,9
1359,1521,6
722,731,8
460,960,2
33,1315,2
626,732,6
552,1473,6
610,1589,1
239,1049,2
89,1127,8
538,575,6
860,1232,4
808,1168,3
1436,1447,1
11,227,3
900,1179,2
751,1173,4
1092,1413,3
203,1478,7
908,1569,8
770,1262,9
325,1503,9
1366,1490,2
545,1173,1
722,1269,9
802,993,3
194,641,8
808,1499,2
431,1138,7
1159,1363,6
190,1376,7
8,112,7
223,1424,4
936,1239,6
145,600,5
343,1472,5
15,1033,4
426,1519,2
58,867,5
404,1481,7
873,1116,3
1001,1183,3
580,745,4
61,162,2
1001,1200,10
1406,1492,1
833,1566,10
362,1324,9
1129,1210,7
811,838,7
70,1001,9
434,775,9
326,934,3
375,783,5
222,790,1
236,1576,5
600,1238,7
554,1453,8
1061,1217,6
193,1574,5
747,1555,8
2,561,5
658,1437,3
1304,1587,9
431,1143,4
1229,1488,6
262,541,8
63,331,10
601,1483,7
344,477,2
259,885,5
262,1215,3
961,1498,10
169,1178,1
675,702,9
721,1322,3
332,397,10
181,1222,9
507,979,5
527,1215,2
1056,1220,3
567,1339,2
363,884,3
737,1338,1
296,1484,6
381,528,10
1368,1491,5
331,1289,7
24,104,7
810,1199,1
553,1070,1
518,1244,7
943,1590,3
392,873,7
270,1298,7
782,1597,10
364,1559,3
319,326,9
808,1436,4
488,753,10
705,834,2
572,1001,3
1022,1367,8
1236,1590,3
202,744,2
1135,1519,5
147,1390,1
95,190,10
211,457,9
350,837,4
1240,1241,8
357,1105,1
345,1384,5
611,726,3
839,1415,6
1228,1318,2
445,1381,4
448,653,6
681,685,4
432,1553,3
509,545,8
20,627,8
175,1138,7
282,515,5
1252,1337,1
191,702,2
374,1514,5
901,1493,6
405,873,5
275,421,2
699,1452,1
150,1333,9
204,733,5
253,919,10
458,816,8
84,1389,1
647,651,6
188,1145,10
596,1585,9
248,1476,1
20,1130,10
535,905,3
578,927,8
743,862,9
1462,1480,5
270,566,9
57,159,8
732,1443,4
552,1395,2
728,1128,4
368,703,2
546,1540,1
305,1379,2
190,556,1
55,909,7
760,1129,7
507,1164,1
400,646,6
1093,1375,10
80,1219,1
557,1266,7
696,1044,1
506,549,10
31,1490,8
488,977,8
724,948,4
454,991,6
913,1025,6
1401,1468,8
167,1431,4
495,609,6
956,1025,4
632,1363,9
567,1509,10
385,532,7
174,517,5
734,1321,8
890,912,7
1069,1303,3
396,1222,4
115,227,10
1035,1600,10
735,1237,9
360,395,6
1080,1404,3
1021,1346,4
1098,1503,4
158,778,6
1277,1380,2
222,1023,6
943,1564,4
1119,1139,6
297,469,2
70,728,6
183,505,2
301,1318,3
242,996,5
270,656,10
642,681,6
299,560,8
102,167,1
127,704,5
263,734,1
1138,1390,8
12,1315,8
698,1475,8
678,1547,7
68,1491,3
1221,1422,9
308,342,6
81,781,5
175,987,3
31,596,7
334,1339,10
417,793,4
232,868,1
470,942,3
1170,1531,10
810,1585,2
561,570,5
957,1334,8
403,1502,2
553,577,9
722,916,5
343,1110,7
211,1586,9
377,645,8
520,1193,1
560,1506,10
778,1265,6
181,1286,2
232,1140,10
452,752,10
740,1050,7
172,617,5
235,513,1
201,541,7
151,963,8
448,1369,4
733,1371,1
72,1041,7
364,727,9
320,1002,6
154,533,8
1034,1265,3
782,1539,8
183,1598,10
969,1061,2
168,1387,3
445,538,10
317,405,8
1271,1394,8
356,812,1
357,1578,9
850,1261,7
773,994,9
18,811,3
468,1404,2
1141,1400,1
194,856,6
399,1191,2
1043,1200,4
141,1226,3
774,918,4
460,665,4
231,1078,7
198,353,8
988,1547,2
411,1505,3
803,1214,5
667,1337,10
644,869,10
453,1421,8
47,523,6
573,709,4
209,1083,5
105,1042,5
62,263,2
1367,1517,4
564,740,4
150,787,8
1015,1019,7
113,486,5
785,1084,1
991,1374,8
45,424,3
174,794,6
50,746,6
710,892,5
283,327,6
349,687,9
1030,1448,5
318,582,3
28,706,10
917,919,9
998,1012,6
1081,1194,10
1053,1471,9
869,1257,9
875,1101,5
134,1248,9
211,696,10
1009,1224,8
535,694,7
483,1127,5
109,1283,8
259,284,7
918,1022,9
382,415,6
1113,1325,4
531,610,10
1034,1282,9
282,889,10
7,1089,1
326,1096,6
262,460,2
373,1164,10
360,446,9
350,1192,4
536,1378,4
657,877,2
121,651,6
241,250,7
95,1346,6
555,1229,5
86,1136,9
589,901,3
541,994,7
469,1021,8
236,933,5
634,1594,1
946,1367,4
58,1117,7
1142,1356,1
63,881,1
413,1329,5
995,1517,1
1530,1543,6
923,1251,6
499,1598,2
350,1501,5
379,1456,6
385,1089,9
379,661,1
781,1377,3
545,1431,9
172,1287,2
50,1561,7
797,1593,10
456,1275,6
798,920,7
311,885,2
166,1203,8
346,1562,5
75,1046,10
1093,1275,1
386,401,3
808,1133,9
201,668,8
396,1474,5
249,774,4
749,1319,1
127,1246,9
587,1329,1
1320,1502,9
11,563,5
660,1219,1
343,1406,9
157,740,6
95,122,6
509,1437,2
356,409,7
339,1109,4
245,1406,10
990,1224,2
444,847,2
728,1196,9
510,941,2
805,808,7
869,1394,6
1020,1224,9
726,992,10
727,1535,10
311,855,4
202,320,9
160,1352,6
601,1478,10
484,734,9
162,1224,9
406,748,8
305,1268,7
436,953,8
265,596,2
1339,1505,8
256,760,10
228,928,7
965,1164,3
96,1313,7
274,637,4
189,1240,3
1068,1112,10
442,940,9
771,827,6
949,1183,8
305,920,9
668,1096,6
473,1206,6
272,623,10
123,1142,7
395,688,1
181,243,2
675,709,9
2,286,7
601,1350,5
764,1306,9
188,1105,8
193,385,2
760,875,7
327,1544,2
103,178,5
259,373,6
1025,1482,2
349,400,5
174,1229,3
840,926,10
552,826,1
1010,1327,6
209,947,8
115,694,8
397,562,3
1111,1252,1
149,1155,6
264,1075,7
366,544,9
639,739,9
163,1471,6
669,1525,7
297,1100,5
669,1443,7
862,1330,4
113,211,4
319,913,4
305,638,4
392,1147,4
308,694,2
964,1370,2
91,1180,5
687,736,7
1185,1587,7
1115,1507,8
38,1080,1
539,1198,9
629,1003,8
439,876,10
1245,1447,9
1112,1594,9
648,1556,5
60,415,3
173,792,7
1143,1280,1
167,306,7
317,1132,1
568,1545,5
792,1013,9
1199,1310,5
660,845,9
111,1362,7
94,832,10
603,640,8
344,966,5
1441,1450,6
545,979,6
933,1309,9
913,1460,9
34,1062,3
1353,1563,5
315,651,5
727,1530,8
412,963,5
767,1121,9
552,1432,4
1115,1256,2
241,469,2
181,1359,3
976,1546,8
252,1480,4
530,743,5
86,1222,1
370,1565,7
295,699,6
286,1294,6
1138,1462,3
917,1253,8
1056,1285,8
65,519,2
612,1317,7
170,1422,4
191,580,5
269,1043,1
800,1419,9
927,1518,2
481,539,9
506,770,5
1035,1223,5
26,435,4
136,501,10
290,1223,1
1377,1584,6
80,1579,10
315,867,6
333,1440,4
476,877,6
265,694,5
340,941,4
822,1472,2
394,755,9
1059,1544,7
402,1267,9
598,848,7
925,1527,3
1007,1599,1
364,805,2
327,1479,8
407,866,1
885,1565,2
455,1236,6
628,1335,10
489,738,10
725,1573,6
1010,1259,1
773,1159,2
249,967,8
1236,1530,3
54,1335,9
287,452,5
154,1381,9
214,1348,8
892,1120,3
968,1234,9
1156,1260,3
838,1102,5
740,878,3
249,459,7
173,276,5
118,1247,5
377,482,6
631,1541,4
1182,1488,6
469,1030,2
157,981,4
212,1423,3
699,1354,2
1046,1315,5
1451,1475,9
382,481,1
18,150,1
45,1594,9
271,643,10
109,1096,10
1223,1581,6
955,1529,2
768,1513,3
108,955,5
80,1028,10
1469,1555,4
987,1274,5
724,742,10
276,1082,9
451,1384,3
836,1565,7
366,757,8
802,1129,10
679,998,9
946,1465,5
317,925,2
937,1046,10
1130,1393,2
53,434,7
155,713,10
175,1028,9
25,1002,3
188,363,5
311,1470,2
1146,1349,6
589,1346,7
398,1547,1
204,880,2
1241,1309,2
29,283,1
1055,1122,5
417,1396,3
111,342,1
353,491,4
106,1582,3
918,1308,9
71,1226,7
436,1082,4
354,1142,8
173,929,1
338,1162,4
1028,1087,10
120,802,4
242,576,1
991,1455,7
420,1409,9
643,686,6
1296,1523,8
1088,1345,2
861,1309,1
369,1360,5
567,927,7
1291,1561,1
1000,1156,3
996,1200,1
36,1490,3
185,1163,10
16,726,6
659,693,5
108,230,4
241,1165,7
134,479,4
129,646,10
153,1336,4
291,1259,1
455,1484,9
106,1334,3
743,1345,3
541,1546,5
388,731,3
574,873,9
976,1499,6
959,1214,10
220,1479,3
995,1091,7
935,1474,9
567,1212,6
746,1590,1
232,1415,7
961,1271,6
868,1425,5
172,464,10
1489,1548,9
395,1178,6
132,163,8
263,995,5
268,800,3
284,610,3
41,1023,10
146,1551,3
34,220,4
405,1324,8
717,1097,3
512,526,7
106,1196,6
85,1135,10
1377,1470,3
196,1353,4
28,755,9
892,1359,3
147,481,2
217,1541,8
1180,1304,5
442,1207,2
21,1577,10
1203,1474,4
228,956,9
289,931,7
100,536,1
345,636,3
959,1483,4
1314,1537,6
757,1574,9
634,986,2
178,1108,4
338,934,2
1077,1123,10
888,1297,10
189,986,5
512,1410,3
211,1021,10
168,1011,2
335,854,4
335,1552,6
213,711,4
1440,1488,7
592,1565,9
307,586,2
668,824,6
16,229,10
159,234,1
541,1154,6
57,1246,10
651,1239,5
83,196,2
638,1081,5
567,953,7
468,1450,5
290,624,8
499,1061,3
884,1221,8
778,1272,5
75,179,2
218,1445,1
335,597,2
335,1485,6
68,1040,5
1148,1417,2
927,1141,6
29,806,7
705,731,7
614,1487,4
40,633,5
710,1227,7
1143,1450,4
800,1534,4
1389,1532,8
817,1138,1
573,1080,3
438,1149,9
821,1267,9
416,460,5
466,993,9
955,975,4
895,1240,4
717,1397,10
510,957,2
781,1051,2
557,1336,10
447,906,7
204,1269,1
707,765,8
287,1470,3
993,1145,9
828,1563,3
339,1308,3
16,936,2
484,863,3
42,1327,1
663,1422,1
473,733,2
275,1270,7
521,1221,6
381,388,4
113,1303,9
25,993,9
39,1001,8
475,563,5
78,669,3
1392,1579,4
786,823,6
479,1437,6
782,973,5
178,863,4
878,1565,3
96,260,4
17,48,5
992,1074,4
279,576,1
1034,1158,3
555,865,9
174,531,7
287,1195,1
103,719,3
251,1394,5
602,1034,7
208,1300,6
313,1292,10
142,1354,7
439,1347,4
763,1574,6
19,783,9
277,1141,8
869,1049,8
443,1285,8
702,1241,2
359,1214,3
30,1240,8
399,1270,10
745,1528,10
674,1596,9
219,1006,7
7,1447,7
722,752,1
309,890,9
523,1290,2
928,1489,2
173,1509,4
143,1543,7
401,1064,8
1042,1450,6
501,1365,3
322,480,4
961,1413,8
1424,1532,5
1010,1306,6
278,652,10
1114,1218,8
581,598,6
96,521,9
1302,1583,9
544,1063,3
350,673,3
80,1114,5
1191,1251,10
1100,1264,1
652,654,4
790,1029,2
398,1306,3
635,639,4
379,724,4
378,860,4
437,1584,2
1132,1165,1
279,697,1
210,445,7
681,683,7
1510,1550,1
983,1055,3
578,1235,7
748,1153,2
21,250,9
136,563,2
339,1525,2
137,1143,9
55,309,7
108,458,7
851,987,5
1024,1120,1
541,619,9
657,1427,5
380,516,3
828,1573,9
864,899,3
8,1229,7
584,657,2
491,757,7
35,952,2
1138,1252,1
187,941,10
552,1546,7
158,212,4
296,1052,6
560,659,8
671,1387,6
1548,1558,4
69,555,9
34,1376,6
31,614,7
40,1054,10
223,1557,2
172,1404,6
40,465,4
72,1352,9
177,458,5
387,776,4
698,1569,9
178,1217,6
960,1446,7
570,842,10
30,320,3
289,755,8
1356,1424,6
627,1042,3
5,1403,9
113,1165,8
6,113,6
1494,1600,8
1051,1545,5
561,1133,8
70,354,6
415,934,2
95,356,1
954,969,4
1035,1243,2
132,1556,7
354,534,9
963,1529,10
771,871,7
752,1060,1
1244,1491,10
369,985,8
763,919,2
280,611,7
1282,1578,3
95,813,1
829,1560,8
329,729,2
610,1201,4
424,1541,10
433,1382,9
317,1504,4
1145,1397,5
803,1093,5
323,1445,3
521,1594,6
10,461,10
862,1370,2
1184,1346,2
1277,1595,7
881,1340,10
1103,1177,10
386,667,10
179,973,8
152,1547,9
529,1197,8
528,745,8
1303,1336,7
764,1114,7
1430,1532,6
1216,1249,10
378,467,10
387,779,3
690,1078,1
360,1079,6
347,956,1
458,851,7
656,775,1
89,1299,10
806,1284,2
593,906,5
29,1392,3
881,1588,7
343,1474,7
314,1598,8
83,730,9
363,626,9
186,1195,3
1395,1418,2
817,849,1
378,480,5
332,1102,9
250,1469,10
139,793,2
1199,1451,3
922,1423,1
384,1596,4
1355,1516,10
1345,1452,1
1468,1509,5
79,1388,7
866,1394,10
24,938,10
154,438,4
172,529,10
602,1383,2
597,622,1
103,915,9
433,562,2
1063,1323,2
969,1382,6
380,1519,5
814,1259,6
706,1514,6
28,1149,9
317,901,9
288,634,9
626,1026,7
228,1578,10
5,389,4
708,1424,1
105,1114,3
1084,1116,5
500,573,6
75,248,3
655,1081,7
140,705,6
166,1398,4
773,1042,1
740,1299,2
824,1127,3
606,1124,2
1162,1328,2
312,1598,6
675,899,8
837,1448,2
552,1030,8
735,1176,9
542,1209,7
1034,1423,3
1219,1387,6
480,601,10
550,1144,9
317,618,4
1030,1539,9
792,934,3
860,1580,4
527,780,10
318,1585,3
154,972,4
90,1266,8
957,1557,7
85,911,6
259,1204,2
474,1564,8
150,1327,8
1512,1583,3
895,1425,7
696,1036,6
454,618,8
665,999,7
695,759,1
493,980,10
127,354,1
1036,1507,9
636,1028,6
382,1405,3
647,1421,4
376,580,7
45,544,5
330,441,10
270,515,6
36,218,7
227,1493,9
843,982,6
688,1545,1
921,1195,5
444,871,8
594,890,10
911,1247,9
1424,1507,9
645,1438,4
1088,1436,5
220,1429,2
179,996,6
776,1152,2
807,1499,4
52,1083,6
264,266,2
113,1561,9
499,1212,5
14,636,3
279,310,1
1508,1512,2
379,416,9
246,1114,6
60,1543,10
1500,1575,1
953,1473,8
1023,1379,9
1070,1252,4
1163,1368,4
742,1099,6
1325,1446,9
771,1244,4
162,443,8
1075,1100,6
314,592,3
1386,1401,9
990,1132,8
819,1092,4
1195,1234,7
251,1205,9
1215,1436,4
367,1570,7
783,1103,1
837,1072,7
90,1499,4
764,1230,2
79,571,5
503,604,8
863,1247,8
986,1441,1
546,581,2
981,1379,1
1529,1550,3
1091,1267,3
291,425,5
454,456,1
524,851,7
603,1183,4
266,715,10
946,1553,3
171,628,10
566,974,3
888,1463,6
552,1345,5
513,907,4
961,1164,9
92,309,9
165,1540,6
8,422,8
192,276,7
564,638,4
484,1513,3
483,968,8
1154,1532,10
83,1105,4
128,1270,4
28,42,1
239,626,4
388,1006,3
810,1070,5
590,1429,3
1335,1352,4
208,1025,10
746,978,7
477,944,1
805,1498,9
1347,1405,3
1189,1340,5
1444,1461,6
187,576,1
771,1335,9
940,1276,7
1057,1509,7
1090,1282,2
513,531,2
892,1086,3
1056,1574,4
298,781,7
484,783,7
896,1350,6
616,1590,4
337,446,1
142,981,6
1511,1553,7
1257,1595,2
47,227,4
26,813,2
4,765,10
592,1471,6
755,889,1
396,690,9
653,1348,10
246,1522,6
274,1538,7
729,971,2
1241,1426,8
555,1015,3
437,1098,1
579,592,4
738,1427,1
271,1077,7
1321,1360,7
495,915,6
1386,1416,10
1017,1501,10
199,1059,2
602,1151,1
426,1451,5
104,641,2
585,684,5
1042,1247,8
485,1543,7
55,789,2
135,1073,3
1496,1583,5
1036,1211,7
755,989,8
197,770,6
449,984,2
87,1211,6
250,1488,7
64,446,3
110,852,2
285,659,7
724,1252,2
146,1374,9
988,1471,9
152,464,3
1452,1573,5
242,1097,5
1190,1292,7
525,723,3
1083,1568,1
179,1442,3
1055,1587,3
172,302,6
1009,1341,3
28,1000,1
39,982,6
790,1417,7
809,1319,2
784,1393,4
399,1465,7
177,535,1
738,924,3
19,798,3
666,886,3
1442,1521,9
721,1417,3
590,1069,1
210,1001,3
381,1174,6
1035,1574,9
10,300,9
1306,1531,8
291,396,8
151,1056,7
533,1188,1
761,1391,8
1194,1466,5
543,1030,7
412,1361,8
771,993,6
748,1002,5
720,775,8
1134,1519,5
693,709,4
921,1551,4
993,1089,5
267,1007,7
82,518,8
171,1326,6
911,943,9
143,1577,9
1472,1509,8
655,900,10
275,1372,7
617,1397,7
1093,1310,7
303,1276,6
888,1554,9
182,875,8
514,1252,4
365,1127,5
435,715,1
47,370,9
1329,1465,8
529,1306,1
416,609,1
483,618,3
335,1132,8
152,873,6
797,904,7
127,1339,4
188,443,5
244,1492,7
1522,1582,8
1320,1400,10
106,1401,7
920,1532,4
503,946,4
204,1594,6
318,987,6
1113,1162,2
136,1047,8
12,866,9
362,590,4
396,1536,7
53,246,10
362,815,6
87,1299,3
980,1149,8
205,651,5
1048,1382,6
1061,1353,1
168,399,3
17,728,4
123,1517,9
1375,1562,1
955,1565,6
1026,1360,7
319,546,6
321,1262,5
405,1048,8
522,1143,7
417,851,8
169,442,6
377,965,5
1206,1382,7
462,1426,2
263,836,9
129,560,6
596,1003,6
387,1363,4
62,663,7
1010,1164,8
436,1272,9
27,801,9
1388,1409,9
81,1407,3
314,1190,3
1237,1439,9
834,1471,10
561,1411,3
268,1423,1
146,1547,10
691,1054,1
92,1412,7
419,1094,10
706,1443,1
324,629,9
508,990,3
762,1392,4
1370,1504,2
363,1580,8
943,1507,8
394,600,1
1289,1326,2
1166,1258,1
193,569,2
965,1440,1
503,715,6
27,1018,6
373,1291,7
184,1412,7
658,985,7
514,1372,8
147,716,5
486,682,4
12,1593,10
1332,1383,8
1076,1160,1
337,894,3
120,1162,4
88,1586,1
403,735,8
37,1380,4
211,508,3
49,620,8
149,834,4
468,1370,3
1379,1570,10
178,1418,5
540,574,6
586,1288,1
784,1406,2
108,951,1
429,1585,4
1267,1577,9
144,345,10
521,1068,7
358,1599,5
684,956,6
318,1506,8
1137,1370,3
673,867,2
1270,1540,5
588,1546,1
263,1491,7
732,1405,1
364,439,4
531,1382,2
689,1319,1
377,630,8
1057,1337,1
501,1320,10
1501,1576,6
237,1559,10
268,1139,9
170,1191,5
428,853,10
195,654,6
982,1133,6
539,557,9
1322,1589,2
618,1073,5
271,1116,4
1136,1470,4
624,749,9
38,230,6
93,265,7
33,1064,9
25,282,9
470,706,5
619,1136,3
282,381,4
161,1024,1
620,1549,8
420,804,4
154,579,8
765,1572,5
870,1187,2
916,1043,1
112,1580,5
557,1366,1
713,756,5
1091,1242,1
929,1142,9
587,1100,6
941,998,1
876,1112,6
623,1455,9
1046,1051,9
1318,1344,6
468,954,5
599,1518,7
101,761,8
18,240,8
101,924,2
324,752,9
757,1208,10
333,1280,7
301,655,6
291,1505,7
1435,1568,8
776,1407,5
593,933,8
1141,1361,4
151,913,4
597,1136,9
384,1335,3
1327,1419,6
684,821,9
432,789,3
243,793,10
340,1530,4
567,1282,3
206,1478,5
946,1069,1
156,1426,10
949,1439,2
641,1013,9
507,1218,1
742,1565,2
104,814,2
526,669,2
51,1260,3
219,1599,3
599,1409,4
234,1077,8
1027,1201,9
194,391,5
372,831,2
446,931,7
1332,1529,8
827,846,6
79,321,7
143,821,4
619,914,3
1379,1424,7
126,1440,8
622,967,4
1255,1533,4
132,772,7
265,552,2
293,1178,9
665,1008,5
231,1016,2
550,1310,5
892,1560,6
71,1277,2
362,575,2
754,849,10
313,486,10
421,863,9
343,1220,1
617,724,6
303,1321,4
103,963,5
1170,1401,4
480,742,10
362,1143,8
242,359,8
371,970,2
904,905,8
729,957,8
689,1328,4
187,1354,6
417,545,7
991,1396,2
48,611,4
27,1338,10
856,1279,4
421,1250,1
50,743,4
751,1233,10
132,650,1
545,781,3
1154,1214,6
193,991,10
778,974,7
1185,1217,1
47,860,9
187,388,9
1231,1542,1
104,715,1
795,1246,5
765,1534,3
380,1156,6
282,1075,3
799,909,1
145,509,3
1215,1427,7
1119,1133,6
148,562,7
291,315,2
1056,1525,2
178,1505,7
799,1528,4
306,1524,1
1147,1570,8
991,1567,10
865,1373,5
681,1320,10
749,1369,9
1230,1515,10
1073,1363,1
386,1411,9
769,1571,10
998,1126,4
1032,1062,3
646,1291,5
595,1328,5
502,1145,6
1085,1131,6
1305,1335,4
808,1129,6
12,814,4
221,1063,8
1075,1327,6
1525,1566,2
408,653,7
236,1262,6
920,1424,10
450,652,7
163,1403,5
508,1060,2
694,1407,10
1035,1492,9
179,474,6
193,1075,3
193,418,10
179,946,1
96,1346,7
229,1558,9
694,776,8
524,1186,2
608,1255,7
861,1219,8
238,643,9
126,588,10
259,488,10
742,768,7
238,1016,2
385,892,7
429,1140,9
524,1062,10
103,1586,2
514,749,6
270,1064,5
1326,1539,10
865,1308,6
498,1306,2
947,1282,9
615,1303,1
1135,1265,7
644,1385,4
756,1449,1
301,333,10
438,516,4
679,846,8
315,1517,8
161,535,3
734,1506,1
950,1285,2
295,1434,9
113,122,9
651,1487,7
157,1550,5
459,598,8
133,1500,4
54,1160,6
190,1142,7
56,728,1
21,1540,4
478,1505,8
323,437,6
645,1552,2
1101,1308,7
470,729,6
849,1132,4
388,1508,5
1285,1406,4
260,759,9
467,754,5
807,1233,7
241,801,9
314,1519,7
292,1460,4
564,1583,3
118,920,5
246,803,7
32,411,9
156,903,1
827,1488,9
510,1434,1
15,180,4
596,784,4
199,1557,9
1227,1523,6
350,536,1
294,1012,5
542,1425,7
916,1335,4
250,399,2
1248,1392,1
615,995,3
226,704,3
104,487,3
1214,1444,1
28,1126,10
972,1409,8
456,646,1
184,1500,6
12,171,8
715,1123,4
608,625,6
1342,1395,7
11,619,9
882,1104,8
905,1112,3
406,752,4
271,388,2
1266,1437,8
465,1425,9
653,1071,1
542,647,6
68,1354,3
729,1483,6
505,1446,7
733,1233,3
623,1549,9
441,658,7
427,1541,2
113,458,2
1212,1529,3
483,917,4
74,1150,10
399,1350,1
1261,1389,4
82,135,2
543,880,10
981,1281,2
597,1287,9
183,256,8
815,848,5
560,1583,6
55,1113,10
1098,1201,3
86,904,7
1183,1373,4
69,1553,4
493,1431,8
1477,1502,7
333,1217,10
1334,1491,8
86,523,8
207,1185,5
22,1147,7
975,1020,5
535,1163,2
824,1294,4
1522,1545,6
1148,1194,10
1085,1351,4
687,831,8
316,1365,4
1014,1516,2
937,1386,10
308,1433,3
1137,1258,3
51,1092,5
787,1131,6
551,1122,1
1218,1572,5
991,1232,9
957,1219,2
5,1450,3
71,437,7
757,1098,1
1130,1158,4
934,1488,10
1016,1086,3
164,550,10
18,691,5
836,1019,9
1035,1054,4
435,819,3
362,835,8
634,1329,1
1298,1505,3
467,510,1
137,1097,4
1422,1504,1
497,1149,8
1501,1509,4
1239,1522,8
818,1228,5
959,1135,3
1458,1548,5
128,1341,1
137,1513,3
270,1069,8
303,1041,4
442,852,10
189,1130,9
321,437,9
446,840,10
687,1113,4
373,430,6
521,968,7
540,813,5
731,761,2
1196,1388,2
50,149,9
400,1495,4
520,796,9
369,1209,8
234,867,5
1058,1296,8
68,1078,1
517,1552,5
122,686,3
422,639,5
229,441,3
505,1245,2
682,1414,4
1020,1058,5
472,1034,1
1089,1290,4
377,1209,4
432,1063,10
181,558,9
1414,1494,5
562,1515,7
557,1435,5
904,936,5
102,1111,10
432,1078,5
296,832,8
571,1571,4
19,135,5
95,701,7
648,1585,9
246,794,1
1323,1450,8
903,1057,9
102,1525,2
225,1365,10
248,773,7
436,1050,7
545,1527,1
641,726,6
759,1101,6
494,1467,2
50,151,5
217,1493,3
76,246,4
742,1203,1
366,591,2
277,721,8
829,1470,6
485,834,8
218,862,8
5,740,7
69,503,1
916,1079,6
1018,1423,10
332,339,3
941,1582,4
337,613,10
4,624,7
33,726,5
837,879,6
281,1114,9
111,355,3
11,890,5
847,948,4
135,939,5
582,1492,1
768,1551,8
166,1531,8
114,152,8
15,531,6
362,1494,4
620,738,4
687,1387,3
47,1146,4
511,1053,3
169,1286,10
720,1149,4
283,1406,9
944,1171,9
2,1060,7
123,660,1
897,1288,5
459,785,10
49,1229,10
766,1486,8
1035,1522,3
124,1401,3
460,1319,7
393,1394,5
183,831,2
1467,1541,4
266,1256,1
517,879,1
79,1241,9
424,794,8
269,1458,5
516,1447,7
169,709,10
30,1584,10
253,910,8
150,249,10
119,694,9
873,1423,6
168,666,8
420,654,3
164,1595,1
1381,1463,2
266,660,8
251,875,3
835,962,8
383,941,8
296,546,1
1516,1528,2
512,861,10
88,1045,8
384,1182,7
417,750,5
470,1483,3
122,1329,3
841,1006,8
703,1457,6
94,1349,8
826,1095,9
273,522,1
160,797,10
238,282,9
593,767,3
173,862,9
245,1026,4
972,1125,5
391,896,8
964,1111,3
293,821,6
1480,1512,2
239,1225,3
756,865,1
300,999,8
118,324,10
1106,1133,9
1083,1466,10
1146,1417,1
90,1513,9
586,601,8
256,311,10
1,890,6
700,1444,4
119,1478,3
268,797,2
301,833,5
137,1206,1
154,1578,1
657,1035,9
1437,1568,10
1136,1586,3
852,1391,5
461,663,4
887,916,2
170,280,6
239,1421,10
264,1168,7
1180,1381,8
107,1526,3
406,590,5
538,987,10
312,695,7
741,787,1
64,385,3
762,1492,3
340,988,6
312,968,2
231,1574,10
190,1330,6
548,1103,10
963,1470,10
585,1076,3
1242,1279,1
215,1231,7
96,369,6
670,1197,8
678,914,2
1275,1372,9
277,1123,10
39,870,1
264,1432,6
1257,1411,6
115,971,4
508,751,10
360,897,2
733,897,9
349,909,7
110,1449,10
1265,1357,10
202,914,2
971,1268,8
16,38,1
1045,1370,4
567,868,9
632,1455,3
604,1280,2
760,1184,1
728,775,8
